 2.00000E+01
 2.00000E+01
 2.00000E+01
 2.00000E+01
 2.00000E+01
 2.00000E+01
 2.00000E+01
 2.00000E+01
 2.00273E+01
 2.00606E+01
 2.00730E+01
 2.00860E+01
 2.00996E+01
 2.01139E+01
 2.01289E+01
 2.01444E+01
 2.01607E+01
 2.01775E+01
 2.01950E+01
 2.02131E+01
 2.02319E+01
 2.02513E+01
 2.02713E+01
 2.02920E+01
 2.03132E+01
 2.03352E+01
 2.03577E+01
 2.03809E+01
 2.04047E+01
 2.04291E+01
 2.04541E+01
 2.04797E+01
 2.05060E+01
 2.05329E+01
 2.05604E+01
 2.05885E+01
 2.06172E+01
 2.06465E+01
 2.06765E+01
 2.07070E+01
 2.07382E+01
 2.07699E+01
 2.08023E+01
 2.08352E+01
 2.08688E+01
 2.09029E+01
 2.09377E+01
 2.09730E+01
 2.10089E+01
 2.10455E+01
 2.10826E+01
 2.11203E+01
 2.11586E+01
 2.11974E+01
 2.12369E+01
 2.12769E+01
 2.13172E+01
 2.13584E+01
 2.14002E+01
 2.14425E+01
 2.14855E+01
 2.15290E+01
 2.15730E+01
 2.16177E+01
 2.16629E+01
 2.17087E+01
 2.17550E+01
 2.18019E+01
 2.18494E+01
 2.18974E+01
 2.19460E+01
 2.19951E+01
 2.20448E+01
 2.20951E+01
 2.21459E+01
 2.21972E+01
 2.22491E+01
 2.23016E+01
 2.23546E+01
 2.24081E+01
 2.24622E+01
 2.25168E+01
 2.25720E+01
 2.26277E+01
 2.26839E+01
 2.27407E+01
 2.27980E+01
 2.28559E+01
 2.29142E+01
 2.29731E+01
 2.30326E+01
 2.30925E+01
 2.31530E+01
 2.32140E+01
 2.32755E+01
 2.33376E+01
 2.34001E+01
 2.34632E+01
 2.35268E+01
 2.35909E+01
 2.36555E+01
 2.37206E+01
 2.37862E+01
 2.38524E+01
 2.39190E+01
 2.39858E+01
 2.40535E+01
 2.41216E+01
 2.41899E+01
 2.42591E+01
 2.43287E+01
 2.43985E+01
 2.44692E+01
 2.45403E+01
 2.46119E+01
 2.46840E+01
 2.47565E+01
 2.48296E+01
 2.49031E+01
 2.49771E+01
 2.50516E+01
 2.51266E+01
 2.52021E+01
 2.52780E+01
 2.53544E+01
 2.54313E+01
 2.55086E+01
 2.55864E+01
 2.56647E+01
 2.57434E+01
 2.58226E+01
 2.59023E+01
 2.59821E+01
 2.60627E+01
 2.61437E+01
 2.62252E+01
 2.63071E+01
 2.63895E+01
 2.64724E+01
 2.65557E+01
 2.66394E+01
 2.67236E+01
 2.68082E+01
 2.68933E+01
 2.69788E+01
 2.70647E+01
 2.71511E+01
 2.72379E+01
 2.73252E+01
 2.74129E+01
 2.75010E+01
 2.75895E+01
 2.76785E+01
 2.77679E+01
 2.78577E+01
 2.79479E+01
 2.80386E+01
 2.81297E+01
 2.82211E+01
 2.83131E+01
 2.84054E+01
 2.84981E+01
 2.85913E+01
 2.86848E+01
 2.87785E+01
 2.88728E+01
 2.89676E+01
 2.90628E+01
 2.91581E+01
 2.92540E+01
 2.93504E+01
 2.94472E+01
 2.95441E+01
 2.96413E+01
 2.97393E+01
 2.98376E+01
 2.99363E+01
 3.00354E+01
 3.01349E+01
 3.02348E+01
 3.03351E+01
 3.04357E+01
 3.05367E+01
 3.06381E+01
 3.07399E+01
 3.08420E+01
 3.09445E+01
 3.10474E+01
 3.11506E+01
 3.12542E+01
 3.13582E+01
 3.14626E+01
 3.15673E+01
 3.16723E+01
 3.17778E+01
 3.18835E+01
 3.19897E+01
 3.20961E+01
 3.22030E+01
 3.23102E+01
 3.24177E+01
 3.25256E+01
 3.26338E+01
 3.27424E+01
 3.28513E+01
 3.29606E+01
 3.30701E+01
 3.31801E+01
 3.32903E+01
 3.34009E+01
 3.35119E+01
 3.36231E+01
 3.37347E+01
 3.38466E+01
 3.39589E+01
 3.40714E+01
 3.41843E+01
 3.42975E+01
 3.44111E+01
 3.45249E+01
 3.46391E+01
 3.47536E+01
 3.48684E+01
 3.49835E+01
 3.50989E+01
 3.52146E+01
 3.53306E+01
 3.54469E+01
 3.55636E+01
 3.56805E+01
 3.57977E+01
 3.59153E+01
 3.60331E+01
 3.61512E+01
 3.62696E+01
 3.63884E+01
 3.65074E+01
 3.66266E+01
 3.67462E+01
 3.68661E+01
 3.69862E+01
 3.71067E+01
 3.72274E+01
 3.73484E+01
 3.74696E+01
 3.75911E+01
 3.77130E+01
 3.78350E+01
 3.79574E+01
 3.80800E+01
 3.82029E+01
 3.83261E+01
 3.84495E+01
 3.85732E+01
 3.86972E+01
 3.88214E+01
 3.89458E+01
 3.90706E+01
 3.91955E+01
 3.93205E+01
 3.94460E+01
 3.95717E+01
 3.96977E+01
 3.98240E+01
 3.99504E+01
 4.00772E+01
 4.02041E+01
 4.03313E+01
 4.04588E+01
 4.05865E+01
 4.07144E+01
 4.08425E+01
 4.09709E+01
 4.10996E+01
 4.12284E+01
 4.13575E+01
 4.14868E+01
 4.16163E+01
 4.17461E+01
 4.18760E+01
 4.20062E+01
 4.21367E+01
 4.22673E+01
 4.23981E+01
 4.25292E+01
 4.26605E+01
 4.27920E+01
 4.29237E+01
 4.30553E+01
 4.31874E+01
 4.33198E+01
 4.34523E+01
 4.35850E+01
 4.37179E+01
 4.38510E+01
 4.39844E+01
 4.41179E+01
 4.42516E+01
 4.43855E+01
 4.45196E+01
 4.46539E+01
 4.47883E+01
 4.49230E+01
 4.50578E+01
 4.51929E+01
 4.53281E+01
 4.54635E+01
 4.55990E+01
 4.57348E+01
 4.58707E+01
 4.60068E+01
 4.61431E+01
 4.62795E+01
 4.64161E+01
 4.65529E+01
 4.66899E+01
 4.68270E+01
 4.69643E+01
 4.71017E+01
 4.72393E+01
 4.73771E+01
 4.75150E+01
 4.76531E+01
 4.77913E+01
 4.79297E+01
 4.80682E+01
 4.82069E+01
 4.83458E+01
 4.84847E+01
 4.86239E+01
 4.87632E+01
 4.89026E+01
 4.90421E+01
 4.91818E+01
 4.93217E+01
 4.94617E+01
 4.96018E+01
 4.97420E+01
 4.98824E+01
 5.00229E+01
 5.01636E+01
 5.03043E+01
 5.04452E+01
 5.05863E+01
 5.07274E+01
 5.08687E+01
 5.10101E+01
 5.11516E+01
 5.12932E+01
 5.14350E+01
 5.15769E+01
 5.17188E+01
 5.18609E+01
 5.20031E+01
 5.21455E+01
 5.22879E+01
 5.24304E+01
 5.25730E+01
 5.27158E+01
 5.28586E+01
 5.30016E+01
 5.31446E+01
 5.32878E+01
 5.34310E+01
 5.35743E+01
 5.37178E+01
 5.38613E+01
 5.40049E+01
 5.41486E+01
 5.42924E+01
 5.44363E+01
 5.45802E+01
 5.47243E+01
 5.48684E+01
 5.50126E+01
 5.51569E+01
 5.53011E+01
 5.54456E+01
 5.55901E+01
 5.57347E+01
 5.58794E+01
 5.60242E+01
 5.61690E+01
 5.63139E+01
 5.64588E+01
 5.66039E+01
 5.67489E+01
 5.68941E+01
 5.70393E+01
 5.71846E+01
 5.73299E+01
 5.74753E+01
 5.76208E+01
 5.77663E+01
 5.79119E+01
 5.80573E+01
 5.82030E+01
 5.83487E+01
 5.84945E+01
 5.86403E+01
 5.87862E+01
 5.89321E+01
 5.90780E+01
 5.92240E+01
 5.93701E+01
 5.95161E+01
 5.96623E+01
 5.98084E+01
 5.99546E+01
 6.01008E+01
 6.02471E+01
 6.03934E+01
 6.05395E+01
 6.06859E+01
 6.08323E+01
 6.09785E+01
 6.11250E+01
 6.12714E+01
 6.14179E+01
 6.15644E+01
 6.17109E+01
 6.18574E+01
 6.20040E+01
 6.21506E+01
 6.22972E+01
 6.24438E+01
 6.25904E+01
 6.27370E+01
 6.28837E+01
 6.30303E+01
 6.31768E+01
 6.33235E+01
 6.34700E+01
 6.36167E+01
 6.37633E+01
 6.39100E+01
 6.40567E+01
 6.42034E+01
 6.43501E+01
 6.44967E+01
 6.46434E+01
 6.47901E+01
 6.49366E+01
 6.50832E+01
 6.52298E+01
 6.53763E+01
 6.55229E+01
 6.56695E+01
 6.58161E+01
 6.59627E+01
 6.61092E+01
 6.62558E+01
 6.64023E+01
 6.65488E+01
 6.66953E+01
 6.68417E+01
 6.69882E+01
 6.71346E+01
 6.72809E+01
 6.74273E+01
 6.75736E+01
 6.77199E+01
 6.78660E+01
 6.80123E+01
 6.81585E+01
 6.83046E+01
 6.84507E+01
 6.85968E+01
 6.87429E+01
 6.88889E+01
 6.90349E+01
 6.91808E+01
 6.93267E+01
 6.94725E+01
 6.96183E+01
 6.97641E+01
 6.99098E+01
 7.00555E+01
 7.02011E+01
 7.03466E+01
 7.04921E+01
 7.06376E+01
 7.07830E+01
 7.09283E+01
 7.10736E+01
 7.12188E+01
 7.13640E+01
 7.15091E+01
 7.16542E+01
 7.17992E+01
 7.19441E+01
 7.20890E+01
 7.22338E+01
 7.23785E+01
 7.25232E+01
 7.26678E+01
 7.28123E+01
 7.29568E+01
 7.31011E+01
 7.32455E+01
 7.33897E+01
 7.35339E+01
 7.36780E+01
 7.38220E+01
 7.39659E+01
 7.41098E+01
 7.42536E+01
 7.43973E+01
 7.45409E+01
 7.46844E+01
 7.48279E+01
 7.49712E+01
 7.51145E+01
 7.52577E+01
 7.54008E+01
 7.55438E+01
 7.56868E+01
 7.58296E+01
 7.59723E+01
 7.61150E+01
 7.62575E+01
 7.64000E+01
 7.65424E+01
 7.66846E+01
 7.68268E+01
 7.69689E+01
 7.71108E+01
 7.72527E+01
 7.73945E+01
 7.75361E+01
 7.76777E+01
 7.78191E+01
 7.79605E+01
 7.81017E+01
 7.82428E+01
 7.83839E+01
 7.85248E+01
 7.86656E+01
 7.88063E+01
 7.89468E+01
 7.90873E+01
 7.92277E+01
 7.93679E+01
 7.95080E+01
 7.96480E+01
 7.97879E+01
 7.99277E+01
 8.00673E+01
 8.02068E+01
 8.03462E+01
 8.04855E+01
 8.06246E+01
 8.07637E+01
 8.09026E+01
 8.10414E+01
 8.11800E+01
 8.13185E+01
 8.14569E+01
 8.15952E+01
 8.17333E+01
 8.18713E+01
 8.20091E+01
 8.21469E+01
 8.22845E+01
 8.24219E+01
 8.25592E+01
 8.26964E+01
 8.28334E+01
 8.29703E+01
 8.31071E+01
 8.32437E+01
 8.33802E+01
 8.35166E+01
 8.36528E+01
 8.37887E+01
 8.39247E+01
 8.40604E+01
 8.41960E+01
 8.43314E+01
 8.44668E+01
 8.46019E+01
 8.47370E+01
 8.48718E+01
 8.50065E+01
 8.51411E+01
 8.52755E+01
 8.54098E+01
 8.55439E+01
 8.56778E+01
 8.58116E+01
 8.59452E+01
 8.60787E+01
 8.62120E+01
 8.63451E+01
 8.64781E+01
 8.66110E+01
 8.67436E+01
 8.68762E+01
 8.70085E+01
 8.71407E+01
 8.72727E+01
 8.74045E+01
 8.75362E+01
 8.76677E+01
 8.77990E+01
 8.79302E+01
 8.80612E+01
 8.81920E+01
 8.83227E+01
 8.84532E+01
 8.85835E+01
 8.87136E+01
 8.88436E+01
 8.89734E+01
 8.91030E+01
 8.92324E+01
 8.93616E+01
 8.94907E+01
 8.96196E+01
 8.97484E+01
 8.98769E+01
 9.00053E+01
 9.01335E+01
 9.02615E+01
 9.03893E+01
 9.05169E+01
 9.06444E+01
 9.07716E+01
 9.08987E+01
 9.10256E+01
 9.11523E+01
 9.12788E+01
 9.14051E+01
 9.15313E+01
 9.16572E+01
 9.17830E+01
 9.19085E+01
 9.20339E+01
 9.21591E+01
 9.22841E+01
 9.24088E+01
 9.25334E+01
 9.26579E+01
 9.27821E+01
 9.29061E+01
 9.30299E+01
 9.31535E+01
 9.32769E+01
 9.34002E+01
 9.35232E+01
 9.36460E+01
 9.37686E+01
 9.38911E+01
 9.40133E+01
 9.41353E+01
 9.42571E+01
 9.43787E+01
 9.45001E+01
 9.46213E+01
 9.47423E+01
 9.48631E+01
 9.49837E+01
 9.51041E+01
 9.52242E+01
 9.53442E+01
 9.54639E+01
 9.55835E+01
 9.57028E+01
 9.58219E+01
 9.59408E+01
 9.60595E+01
 9.61780E+01
 9.62962E+01
 9.64143E+01
 9.65321E+01
 9.66498E+01
 9.67672E+01
 9.68844E+01
 9.70013E+01
 9.71181E+01
 9.72346E+01
 9.73510E+01
 9.74671E+01
 9.75829E+01
 9.76986E+01
 9.78141E+01
 9.79293E+01
 9.80443E+01
 9.81591E+01
 9.82736E+01
 9.83880E+01
 9.85021E+01
 9.86160E+01
 9.87296E+01
 9.88431E+01
 9.89563E+01
 9.90693E+01
 9.91820E+01
 9.92946E+01
 9.94069E+01
 9.95190E+01
 9.96308E+01
 9.97425E+01
 9.98539E+01
 9.99650E+01
 1.00076E+02
 1.00187E+02
 1.00297E+02
 1.00407E+02
 1.00517E+02
 1.00627E+02
 1.00737E+02
 1.00846E+02
 1.00955E+02
 1.01064E+02
 1.01173E+02
 1.01281E+02
 1.01389E+02
 1.01497E+02
 1.01605E+02
 1.01712E+02
 1.01819E+02
 1.01926E+02
 1.02033E+02
 1.02139E+02
 1.02246E+02
 1.02352E+02
 1.02458E+02
 1.02563E+02
 1.02668E+02
 1.02773E+02
 1.02878E+02
 1.02983E+02
 1.03087E+02
 1.03191E+02
 1.03295E+02
 1.03399E+02
 1.03502E+02
 1.03605E+02
 1.03708E+02
 1.03811E+02
 1.03913E+02
 1.04015E+02
 1.04117E+02
 1.04219E+02
 1.04320E+02
 1.04421E+02
 1.04522E+02
 1.04623E+02
 1.04723E+02
 1.04823E+02
 1.04923E+02
 1.05023E+02
 1.05122E+02
 1.05221E+02
 1.05320E+02
 1.05419E+02
 1.05517E+02
 1.05616E+02
 1.05714E+02
 1.05811E+02
 1.05909E+02
 1.06006E+02
 1.06103E+02
 1.06199E+02
 1.06296E+02
 1.06392E+02
 1.06488E+02
 1.06583E+02
 1.06679E+02
 1.06774E+02
 1.06869E+02
 1.06963E+02
 1.07058E+02
 1.07152E+02
 1.07246E+02
 1.07339E+02
 1.07433E+02
 1.07526E+02
 1.07619E+02
 1.07711E+02
 1.07804E+02
 1.07896E+02
 1.07987E+02
 1.08079E+02
 1.08170E+02
 1.08261E+02
 1.08352E+02
 1.08443E+02
 1.08533E+02
 1.08623E+02
 1.08713E+02
 1.08802E+02
 1.08891E+02
 1.08980E+02
 1.09069E+02
 1.09158E+02
 1.09246E+02
 1.09334E+02
 1.09421E+02
 1.09509E+02
 1.09596E+02
 1.09683E+02
 1.09769E+02
 1.09856E+02
 1.09942E+02
 1.10028E+02
 1.10113E+02
 1.10199E+02
 1.10284E+02
 1.10368E+02
 1.10453E+02
 1.10537E+02
 1.10621E+02
 1.10705E+02
 1.10788E+02
 1.10872E+02
 1.10955E+02
 1.11037E+02
 1.11120E+02
 1.11202E+02
 1.11284E+02
 1.11365E+02
 1.11447E+02
 1.11528E+02
 1.11609E+02
 1.11689E+02
 1.11769E+02
 1.11850E+02
 1.11929E+02
 1.12009E+02
 1.12088E+02
 1.12167E+02
 1.12246E+02
 1.12324E+02
 1.12402E+02
 1.12480E+02
 1.12558E+02
 1.12635E+02
 1.12712E+02
 1.12789E+02
 1.12866E+02
 1.12942E+02
 1.13018E+02
 1.13094E+02
 1.13169E+02
 1.13245E+02
 1.13320E+02
 1.13394E+02
 1.13469E+02
 1.13543E+02
 1.13617E+02
 1.13690E+02
 1.13764E+02
 1.13837E+02
 1.13910E+02
 1.13982E+02
 1.14054E+02
 1.14126E+02
 1.14198E+02
 1.14270E+02
 1.14341E+02
 1.14412E+02
 1.14482E+02
 1.14553E+02
 1.14623E+02
 1.14693E+02
 1.14762E+02
 1.14832E+02
 1.14901E+02
 1.14970E+02
 1.15038E+02
 1.15106E+02
 1.15174E+02
 1.15242E+02
 1.15310E+02
 1.15377E+02
 1.15444E+02
 1.15510E+02
 1.15577E+02
 1.15643E+02
 1.15709E+02
 1.15774E+02
 1.15840E+02
 1.15905E+02
 1.15969E+02
 1.16034E+02
 1.16098E+02
 1.16162E+02
 1.16226E+02
 1.16289E+02
 1.16352E+02
 1.16415E+02
 1.16478E+02
 1.16540E+02
 1.16602E+02
 1.16664E+02
 1.16726E+02
 1.16787E+02
 1.16848E+02
 1.16909E+02
 1.16969E+02
 1.17029E+02
 1.17089E+02
 1.17149E+02
 1.17208E+02
 1.17267E+02
 1.17326E+02
 1.17385E+02
 1.17443E+02
 1.17501E+02
 1.17559E+02
 1.17617E+02
 1.17674E+02
 1.17731E+02
 1.17788E+02
 1.17844E+02
 1.17900E+02
 1.17956E+02
 1.18012E+02
 1.18067E+02
 1.18122E+02
 1.18177E+02
 1.18232E+02
 1.18286E+02
 1.18340E+02
 1.18394E+02
 1.18447E+02
 1.18501E+02
 1.18554E+02
 1.18606E+02
 1.18659E+02
 1.18711E+02
 1.18763E+02
 1.18814E+02
 1.18866E+02
 1.18917E+02
 1.18968E+02
 1.19018E+02
 1.19069E+02
 1.19119E+02
 1.19169E+02
 1.19218E+02
 1.19267E+02
 1.19316E+02
 1.19365E+02
 1.19414E+02
 1.19462E+02
 1.19510E+02
 1.19557E+02
 1.19605E+02
 1.19652E+02
 1.19699E+02
 1.19746E+02
 1.19792E+02
 1.19838E+02
 1.19884E+02
 1.19929E+02
 1.19975E+02
 1.20020E+02
 1.20065E+02
 1.20109E+02
 1.20153E+02
 1.20197E+02
 1.20241E+02
 1.20285E+02
 1.20328E+02
 1.20371E+02
 1.20414E+02
 1.20456E+02
 1.20498E+02
 1.20540E+02
 1.20582E+02
 1.20623E+02
 1.20664E+02
 1.20705E+02
 1.20746E+02
 1.20786E+02
 1.20826E+02
 1.20866E+02
 1.20906E+02
 1.20945E+02
 1.20984E+02
 1.21023E+02
 1.21061E+02
 1.21100E+02
 1.21138E+02
 1.21176E+02
 1.21213E+02
 1.21250E+02
 1.21288E+02
 1.21324E+02
 1.21361E+02
 1.21397E+02
 1.21433E+02
 1.21469E+02
 1.21504E+02
 1.21539E+02
 1.21574E+02
 1.21609E+02
 1.21644E+02
 1.21678E+02
 1.21712E+02
 1.21745E+02
 1.21779E+02
 1.21812E+02
 1.21845E+02
 1.21878E+02
 1.21910E+02
 1.21942E+02
 1.21974E+02
 1.22006E+02
 1.22038E+02
 1.22069E+02
 1.22100E+02
 1.22130E+02
 1.22161E+02
 1.22191E+02
 1.22221E+02
 1.22251E+02
 1.22280E+02
 1.22309E+02
 1.22338E+02
 1.22367E+02
 1.22395E+02
 1.22423E+02
 1.22451E+02
 1.22479E+02
 1.22507E+02
 1.22534E+02
 1.22561E+02
 1.22587E+02
 1.22614E+02
 1.22640E+02
 1.22666E+02
 1.22692E+02
 1.22717E+02
 1.22743E+02
 1.22768E+02
 1.22792E+02
 1.22817E+02
 1.22841E+02
 1.22865E+02
 1.22889E+02
 1.22913E+02
 1.22936E+02
 1.22959E+02
 1.22982E+02
 1.23004E+02
 1.23027E+02
 1.23049E+02
 1.23071E+02
 1.23092E+02
 1.23114E+02
 1.23135E+02
 1.23156E+02
 1.23176E+02
 1.23197E+02
 1.23217E+02
 1.23237E+02
 1.23257E+02
 1.23276E+02
 1.23295E+02
 1.23314E+02
 1.23333E+02
 1.23352E+02
 1.23370E+02
 1.23388E+02
 1.23406E+02
 1.23423E+02
 1.23441E+02
 1.23458E+02
 1.23475E+02
 1.23491E+02
 1.23508E+02
 1.23524E+02
 1.23540E+02
 1.23556E+02
 1.23571E+02
 1.23586E+02
 1.23601E+02
 1.23616E+02
 1.23631E+02
 1.23645E+02
 1.23659E+02
 1.23673E+02
 1.23687E+02
 1.23700E+02
 1.23714E+02
 1.23727E+02
 1.23739E+02
 1.23752E+02
 1.23764E+02
 1.23776E+02
 1.23788E+02
 1.23800E+02
 1.23811E+02
 1.23822E+02
 1.23833E+02
 1.23844E+02
 1.23854E+02
 1.23865E+02
 1.23875E+02
 1.23885E+02
 1.23894E+02
 1.23904E+02
 1.23913E+02
 1.23922E+02
 1.23930E+02
 1.23939E+02
 1.23947E+02
 1.23955E+02
 1.23963E+02
 1.23971E+02
 1.23978E+02
 1.23985E+02
 1.23992E+02
 1.23999E+02
 1.24006E+02
 1.24012E+02
 1.24018E+02
 1.24024E+02
 1.24030E+02
 1.24035E+02
 1.24041E+02
 1.24046E+02
 1.24050E+02
 1.24055E+02
 1.24060E+02
 1.24064E+02
 1.24068E+02
 1.24071E+02
 1.24075E+02
 1.24078E+02
 1.24082E+02
 1.24084E+02
 1.24087E+02
 1.24090E+02
 1.24092E+02
 1.24094E+02
 1.24096E+02
 1.24098E+02
 1.24099E+02
 1.24101E+02
 1.24102E+02
 1.24102E+02
 1.24103E+02
 1.24104E+02
 1.24104E+02
 1.24104E+02
 1.24104E+02
 1.24103E+02
 1.24103E+02
 1.24102E+02
 1.24101E+02
 1.24100E+02
 1.24099E+02
 1.24097E+02
 1.24095E+02
 1.24093E+02
 1.24091E+02
 1.24089E+02
 1.24086E+02
 1.24084E+02
 1.24081E+02
 1.24077E+02
 1.24074E+02
 1.24071E+02
 1.24067E+02
 1.24063E+02
 1.24059E+02
 1.24054E+02
 1.24050E+02
 1.24045E+02
 1.24040E+02
 1.24035E+02
 1.24030E+02
 1.24024E+02
 1.24019E+02
 1.24013E+02
 1.24007E+02
 1.24001E+02
 1.23994E+02
 1.23988E+02
 1.23981E+02
 1.23974E+02
 1.23967E+02
 1.23959E+02
 1.23952E+02
 1.23944E+02
 1.23936E+02
 1.23928E+02
 1.23920E+02
 1.23911E+02
 1.23902E+02
 1.23894E+02
 1.23884E+02
 1.23875E+02
 1.23866E+02
 1.23856E+02
 1.23847E+02
 1.23837E+02
 1.23826E+02
 1.23816E+02
 1.23806E+02
 1.23795E+02
 1.23784E+02
 1.23773E+02
 1.23762E+02
 1.23751E+02
 1.23739E+02
 1.23727E+02
 1.23715E+02
 1.23703E+02
 1.23691E+02
 1.23679E+02
 1.23666E+02
 1.23653E+02
 1.23640E+02
 1.23627E+02
 1.23614E+02
 1.23600E+02
 1.23587E+02
 1.23573E+02
 1.23559E+02
 1.23545E+02
 1.23531E+02
 1.23516E+02
 1.23502E+02
 1.23487E+02
 1.23472E+02
 1.23457E+02
 1.23441E+02
 1.23426E+02
 1.23410E+02
 1.23394E+02
 1.23378E+02
 1.23362E+02
 1.23346E+02
 1.23329E+02
 1.23313E+02
 1.23296E+02
 1.23279E+02
 1.23262E+02
 1.23245E+02
 1.23227E+02
 1.23210E+02
 1.23192E+02
 1.23174E+02
 1.23156E+02
 1.23138E+02
 1.23119E+02
 1.23101E+02
 1.23082E+02
 1.23063E+02
 1.23044E+02
 1.23025E+02
 1.23006E+02
 1.22986E+02
 1.22967E+02
 1.22947E+02
 1.22927E+02
 1.22907E+02
 1.22887E+02
 1.22866E+02
 1.22846E+02
 1.22825E+02
 1.22804E+02
 1.22783E+02
 1.22762E+02
 1.22741E+02
 1.22719E+02
 1.22698E+02
 1.22676E+02
 1.22654E+02
 1.22632E+02
 1.22610E+02
 1.22588E+02
 1.22565E+02
 1.22543E+02
 1.22520E+02
 1.22497E+02
 1.22474E+02
 1.22451E+02
 1.22428E+02
 1.22404E+02
 1.22381E+02
 1.22357E+02
 1.22333E+02
 1.22309E+02
 1.22285E+02
 1.22261E+02
 1.22236E+02
 1.22212E+02
 1.22187E+02
 1.22162E+02
 1.22137E+02
 1.22112E+02
 1.22087E+02
 1.22061E+02
 1.22036E+02
 1.22010E+02
 1.21985E+02
 1.21959E+02
 1.21933E+02
 1.21907E+02
 1.21880E+02
 1.21854E+02
 1.21827E+02
 1.21801E+02
 1.21774E+02
 1.21747E+02
 1.21720E+02
 1.21693E+02
 1.21665E+02
 1.21638E+02
 1.21610E+02
 1.21583E+02
 1.21555E+02
 1.21527E+02
 1.21499E+02
 1.21471E+02
 1.21442E+02
 1.21414E+02
 1.21385E+02
 1.21357E+02
 1.21328E+02
 1.21299E+02
 1.21270E+02
 1.21241E+02
 1.21211E+02
 1.21182E+02
 1.21153E+02
 1.21123E+02
 1.21093E+02
 1.21063E+02
 1.21033E+02
 1.21003E+02
 1.20973E+02
 1.20943E+02
 1.20912E+02
 1.20882E+02
 1.20851E+02
 1.20820E+02
 1.20790E+02
 1.20759E+02
 1.20727E+02
 1.20696E+02
 1.20665E+02
 1.20634E+02
 1.20602E+02
 1.20570E+02
 1.20539E+02
 1.20507E+02
 1.20475E+02
 1.20443E+02
 1.20410E+02
 1.20378E+02
 1.20346E+02
 1.20313E+02
 1.20281E+02
 1.20248E+02
 1.20215E+02
 1.20182E+02
 1.20149E+02
 1.20116E+02
 1.20083E+02
 1.20050E+02
 1.20016E+02
 1.19983E+02
 1.19949E+02
 1.19915E+02
 1.19882E+02
 1.19848E+02
 1.19814E+02
 1.19780E+02
 1.19745E+02
 1.19711E+02
 1.19677E+02
 1.19642E+02
 1.19608E+02
 1.19573E+02
 1.19538E+02
 1.19504E+02
 1.19469E+02
 1.19434E+02
 1.19398E+02
 1.19363E+02
 1.19328E+02
 1.19292E+02
 1.19257E+02
 1.19221E+02
 1.19186E+02
 1.19150E+02
 1.19114E+02
 1.19078E+02
 1.19042E+02
 1.19006E+02
 1.18970E+02
 1.18934E+02
 1.18897E+02
 1.18861E+02
 1.18824E+02
 1.18788E+02
 1.18751E+02
 1.18714E+02
 1.18677E+02
 1.18640E+02
 1.18603E+02
 1.18566E+02
 1.18529E+02
 1.18492E+02
 1.18455E+02
 1.18417E+02
 1.18380E+02
 1.18342E+02
 1.18305E+02
 1.18267E+02
 1.18229E+02
 1.18191E+02
 1.18153E+02
 1.18115E+02
 1.18077E+02
 1.18039E+02
 1.18001E+02
 1.17962E+02
 1.17924E+02
 1.17886E+02
 1.17847E+02
 1.17809E+02
 1.17770E+02
 1.17731E+02
 1.17692E+02
 1.17653E+02
 1.17614E+02
 1.17576E+02
 1.17536E+02
 1.17497E+02
 1.17458E+02
 1.17419E+02
 1.17380E+02
 1.17340E+02
 1.17301E+02
 1.17261E+02
 1.17222E+02
 1.17182E+02
 1.17142E+02
 1.17102E+02
 1.17063E+02
 1.17023E+02
 1.16983E+02
 1.16943E+02
 1.16903E+02
 1.16862E+02
 1.16822E+02
 1.16782E+02
 1.16742E+02
 1.16701E+02
 1.16661E+02
 1.16620E+02
 1.16580E+02
 1.16539E+02
 1.16499E+02
 1.16458E+02
 1.16417E+02
 1.16376E+02
 1.16335E+02
 1.16294E+02
 1.16253E+02
 1.16212E+02
 1.16171E+02
 1.16130E+02
 1.16089E+02
 1.16048E+02
 1.16006E+02
 1.15965E+02
 1.15924E+02
 1.15882E+02
 1.15841E+02
 1.15799E+02
 1.15758E+02
 1.15716E+02
 1.15674E+02
 1.15633E+02
 1.15591E+02
 1.15549E+02
 1.15507E+02
 1.15465E+02
 1.15423E+02
 1.15381E+02
 1.15339E+02
 1.15297E+02
 1.15255E+02
 1.15213E+02
 1.15171E+02
 1.15129E+02
 1.15086E+02
 1.15044E+02
 1.15002E+02
 1.14959E+02
 1.14917E+02
 1.14874E+02
 1.14832E+02
 1.14789E+02
 1.14747E+02
 1.14704E+02
 1.14661E+02
 1.14619E+02
 1.14576E+02
 1.14533E+02
 1.14491E+02
 1.14448E+02
 1.14405E+02
 1.14362E+02
 1.14319E+02
 1.14276E+02
 1.14233E+02
 1.14190E+02
 1.14147E+02
 1.14104E+02
 1.14061E+02
 1.14018E+02
 1.13975E+02
 1.13931E+02
 1.13888E+02
 1.13845E+02
 1.13802E+02
 1.13758E+02
 1.13715E+02
 1.13672E+02
 1.13628E+02
 1.13585E+02
 1.13541E+02
 1.13498E+02
 1.13455E+02
 1.13411E+02
 1.13368E+02
 1.13324E+02
 1.13280E+02
 1.13237E+02
 1.13193E+02
 1.13150E+02
 1.13106E+02
 1.13062E+02
 1.13019E+02
 1.12975E+02
 1.12931E+02
 1.12887E+02
 1.12844E+02
 1.12800E+02
 1.12756E+02
 1.12712E+02
 1.12668E+02
 1.12625E+02
 1.12581E+02
 1.12537E+02
 1.12493E+02
 1.12449E+02
 1.12405E+02
 1.12361E+02
 1.12317E+02
 1.12273E+02
 1.12229E+02
 1.12185E+02
 1.12141E+02
 1.12097E+02
 1.12053E+02
 1.12009E+02
 1.11965E+02
 1.11921E+02
 1.11877E+02
 1.11833E+02
 1.11789E+02
 1.11745E+02
 1.11701E+02
 1.11657E+02
 1.11613E+02
 1.11569E+02
 1.11524E+02
 1.11480E+02
 1.11436E+02
 1.11392E+02
 1.11348E+02
 1.11304E+02
 1.11260E+02
 1.11215E+02
 1.11171E+02
 1.11127E+02
 1.11083E+02
 1.11039E+02
 1.10995E+02
 1.10950E+02
 1.10906E+02
 1.10862E+02
 1.10818E+02
 1.10774E+02
 1.10730E+02
 1.10686E+02
 1.10641E+02
 1.10597E+02
 1.10553E+02
 1.10509E+02
 1.10465E+02
 1.10421E+02
 1.10376E+02
 1.10332E+02
 1.10288E+02
 1.10244E+02
 1.10200E+02
 1.10156E+02
 1.10112E+02
 1.10068E+02
 1.10023E+02
 1.09979E+02
 1.09935E+02
 1.09891E+02
 1.09847E+02
 1.09803E+02
 1.09759E+02
 1.09715E+02
 1.09671E+02
 1.09627E+02
 1.09583E+02
 1.09539E+02
 1.09495E+02
 1.09451E+02
 1.09407E+02
 1.09363E+02
 1.09319E+02
 1.09275E+02
 1.09231E+02
 1.09187E+02
 1.09143E+02
 1.09100E+02
 1.09056E+02
 1.09012E+02
 1.08968E+02
 1.08924E+02
 1.08880E+02
 1.08837E+02
 1.08793E+02
 1.08749E+02
 1.08705E+02
 1.08662E+02
 1.08618E+02
 1.08574E+02
 1.08530E+02
 1.08487E+02
 1.08443E+02
 1.08400E+02
 1.08356E+02
 1.08312E+02
 1.08269E+02
 1.08225E+02
 1.08182E+02
 1.08138E+02
 1.08095E+02
 1.08051E+02
 1.08008E+02
 1.07965E+02
 1.07921E+02
 1.07878E+02
 1.07834E+02
 1.07791E+02
 1.07748E+02
 1.07705E+02
 1.07661E+02
 1.07618E+02
 1.07575E+02
 1.07532E+02
 1.07489E+02
 1.07446E+02
 1.07402E+02
 1.07359E+02
 1.07316E+02
 1.07273E+02
 1.07230E+02
 1.07187E+02
 1.07144E+02
 1.07102E+02
 1.07059E+02
 1.07016E+02
 1.06973E+02
 1.06930E+02
 1.06888E+02
 1.06845E+02
 1.06802E+02
 1.06759E+02
 1.06717E+02
 1.06674E+02
 1.06632E+02
 1.06589E+02
 1.06547E+02
 1.06504E+02
 1.06462E+02
 1.06419E+02
 1.06377E+02
 1.06335E+02
 1.06292E+02
 1.06250E+02
 1.06208E+02
 1.06166E+02
 1.06124E+02
 1.06082E+02
 1.06039E+02
 1.05997E+02
 1.05955E+02
 1.05913E+02
 1.05871E+02
 1.05830E+02
 1.05788E+02
 1.05746E+02
 1.05704E+02
 1.05662E+02
 1.05621E+02
 1.05579E+02
 1.05537E+02
 1.05496E+02
 1.05454E+02
 1.05413E+02
 1.05371E+02
 1.05330E+02
 1.05288E+02
 1.05247E+02
 1.05206E+02
 1.05165E+02
 1.05123E+02
 1.05082E+02
 1.05041E+02
 1.05000E+02
 1.04959E+02
 1.04918E+02
 1.04877E+02
 1.04836E+02
 1.04795E+02
 1.04754E+02
 1.04714E+02
 1.04673E+02
 1.04632E+02
 1.04591E+02
 1.04551E+02
 1.04510E+02
 1.04470E+02
 1.04429E+02
 1.04389E+02
 1.04349E+02
 1.04308E+02
 1.04268E+02
 1.04228E+02
 1.04188E+02
 1.04147E+02
 1.04107E+02
 1.04067E+02
 1.04027E+02
 1.03987E+02
 1.03947E+02
 1.03908E+02
 1.03868E+02
 1.03828E+02
 1.03788E+02
 1.03749E+02
 1.03709E+02
 1.03670E+02
 1.03630E+02
 1.03591E+02
 1.03551E+02
 1.03512E+02
 1.03473E+02
 1.03433E+02
 1.03394E+02
 1.03355E+02
 1.03316E+02
 1.03277E+02
 1.03238E+02
 1.03199E+02
 1.03160E+02
 1.03121E+02
 1.03083E+02
 1.03044E+02
 1.03005E+02
 1.02967E+02
 1.02928E+02
 1.02890E+02
 1.02851E+02
 1.02813E+02
 1.02775E+02
 1.02736E+02
 1.02698E+02
 1.02660E+02
 1.02622E+02
 1.02584E+02
 1.02546E+02
 1.02508E+02
 1.02470E+02
 1.02432E+02
 1.02395E+02
 1.02357E+02
 1.02319E+02
 1.02282E+02
 1.02244E+02
 1.02207E+02
 1.02169E+02
 1.02132E+02
 1.02095E+02
 1.02058E+02
 1.02020E+02
 1.01983E+02
 1.01946E+02
 1.01909E+02
 1.01872E+02
 1.01836E+02
 1.01799E+02
 1.01762E+02
 1.01725E+02
 1.01689E+02
 1.01652E+02
 1.01616E+02
 1.01579E+02
 1.01543E+02
 1.01507E+02
 1.01470E+02
 1.01434E+02
 1.01398E+02
 1.01362E+02
 1.01326E+02
 1.01290E+02
 1.01254E+02
 1.01218E+02
 1.01183E+02
 1.01147E+02
 1.01111E+02
 1.01076E+02
 1.01040E+02
 1.01005E+02
 1.00970E+02
 1.00934E+02
 1.00899E+02
 1.00864E+02
 1.00829E+02
 1.00794E+02
 1.00759E+02
 1.00724E+02
 1.00689E+02
 1.00654E+02
 1.00620E+02
 1.00585E+02
 1.00551E+02
 1.00516E+02
 1.00482E+02
 1.00447E+02
 1.00413E+02
 1.00379E+02
 1.00345E+02
 1.00311E+02
 1.00277E+02
 1.00243E+02
 1.00209E+02
 1.00175E+02
 1.00141E+02
 1.00108E+02
 1.00074E+02
 1.00040E+02
 1.00007E+02
 9.99736E+01
 9.99403E+01
 9.99070E+01
 9.98738E+01
 9.98407E+01
 9.98076E+01
 9.97747E+01
 9.97418E+01
 9.97089E+01
 9.96762E+01
 9.96435E+01
 9.96108E+01
 9.95783E+01
 9.95458E+01
 9.95134E+01
 9.94810E+01
 9.94488E+01
 9.94166E+01
 9.93844E+01
 9.93524E+01
 9.93204E+01
 9.92885E+01
 9.92567E+01
 9.92249E+01
 9.91932E+01
 9.91616E+01
 9.91300E+01
 9.90985E+01
 9.90671E+01
 9.90358E+01
 9.90046E+01
 9.89734E+01
 9.89423E+01
 9.89112E+01
 9.88802E+01
 9.88494E+01
 9.88185E+01
 9.87878E+01
 9.87571E+01
 9.87265E+01
 9.86960E+01
 9.86656E+01
 9.86352E+01
 9.86049E+01
 9.85747E+01
 9.85445E+01
 9.85144E+01
 9.84844E+01
 9.84545E+01
 9.84247E+01
 9.83949E+01
 9.83652E+01
 9.83355E+01
 9.83060E+01
 9.82765E+01
 9.82471E+01
 9.82178E+01
 9.81886E+01
 9.81594E+01
 9.81303E+01
 9.81013E+01
 9.80724E+01
 9.80435E+01
 9.80147E+01
 9.79860E+01
 9.79574E+01
 9.79288E+01
 9.79003E+01
 9.78719E+01
 9.78436E+01
 9.78153E+01
 9.77872E+01
 9.77591E+01
 9.77310E+01
 9.77031E+01
 9.76752E+01
 9.76474E+01
 9.76197E+01
 9.75921E+01
 9.75645E+01
 9.75370E+01
 9.75096E+01
 9.74823E+01
 9.74551E+01
 9.74279E+01
 9.74008E+01
 9.73738E+01
 9.73468E+01
 9.73200E+01
 9.72932E+01
 9.72665E+01
 9.72399E+01
 9.72133E+01
 9.71868E+01
 9.71605E+01
 9.71341E+01
 9.71079E+01
 9.70818E+01
 9.70557E+01
 9.70297E+01
 9.70038E+01
 9.69779E+01
 9.69522E+01
 9.69265E+01
 9.69009E+01
 9.68754E+01
 9.68499E+01
 9.68246E+01
 9.67993E+01
 9.67741E+01
 9.67490E+01
 9.67239E+01
 9.66989E+01
 9.66740E+01
 9.66492E+01
 9.66245E+01
 9.65999E+01
 9.65753E+01
 9.65508E+01
 9.65264E+01
 9.65021E+01
 9.64778E+01
 9.64537E+01
 9.64296E+01
 9.64056E+01
 9.63816E+01
 9.63578E+01
 9.63340E+01
 9.63103E+01
 9.62867E+01
 9.62632E+01
 9.62397E+01
 9.62163E+01
 9.61931E+01
 9.61698E+01
 9.61467E+01
 9.61237E+01
 9.61007E+01
 9.60778E+01
 9.60550E+01
 9.60323E+01
 9.60097E+01
 9.59871E+01
 9.59646E+01
 9.59422E+01
 9.59199E+01
 9.58976E+01
 9.58755E+01
 9.58534E+01
 9.58314E+01
 9.58095E+01
 9.57876E+01
 9.57659E+01
 9.57442E+01
 9.57226E+01
 9.57011E+01
 9.56796E+01
 9.56583E+01
 9.56370E+01
 9.56158E+01
 9.55947E+01
 9.55737E+01
 9.55527E+01
 9.55319E+01
 9.55111E+01
 9.54904E+01
 9.54697E+01
 9.54492E+01
 9.54287E+01
 9.54083E+01
 9.53880E+01
 9.53678E+01
 9.53477E+01
 9.53276E+01
 9.53076E+01
 9.52877E+01
 9.52679E+01
 9.52482E+01
 9.52285E+01
 9.52090E+01
 9.51895E+01
 9.51701E+01
 9.51507E+01
 9.51314E+01
 9.51123E+01
 9.50932E+01
 9.50742E+01
 9.50553E+01
 9.50364E+01
 9.50176E+01
 9.49990E+01
 9.49804E+01
 9.49618E+01
 9.49434E+01
 9.49250E+01
 9.49068E+01
 9.48886E+01
 9.48705E+01
 9.48524E+01
 9.48345E+01
 9.48166E+01
 9.47988E+01
 9.47811E+01
 9.47634E+01
 9.47459E+01
 9.47284E+01
 9.47110E+01
 9.46937E+01
 9.46765E+01
 9.46593E+01
 9.46423E+01
 9.46253E+01
 9.46084E+01
 9.45915E+01
 9.45748E+01
 9.45581E+01
 9.45415E+01
 9.45250E+01
 9.45086E+01
 9.44923E+01
 9.44760E+01
 9.44598E+01
 9.44437E+01
 9.44277E+01
 9.44117E+01
 9.43959E+01
 9.43801E+01
 9.43644E+01
 9.43488E+01
 9.43332E+01
 9.43177E+01
 9.43024E+01
 9.42871E+01
 9.42718E+01
 9.42567E+01
 9.42416E+01
 9.42266E+01
 9.42117E+01
 9.41968E+01
 9.41821E+01
 9.41674E+01
 9.41528E+01
 9.41383E+01
 9.41239E+01
 9.41096E+01
 9.40953E+01
 9.40811E+01
 9.40670E+01
 9.40530E+01
 9.40390E+01
 9.40251E+01
 9.40113E+01
 9.39976E+01
 9.39840E+01
 9.39704E+01
 9.39570E+01
 9.39436E+01
 9.39302E+01
 9.39170E+01
 9.39038E+01
 9.38907E+01
 9.38777E+01
 9.38648E+01
 9.38520E+01
 9.38392E+01
 9.38265E+01
 9.38139E+01
 9.38013E+01
 9.37889E+01
 9.37765E+01
 9.37642E+01
 9.37520E+01
 9.37398E+01
 9.37278E+01
 9.37158E+01
 9.37039E+01
 9.36920E+01
 9.36803E+01
 9.36686E+01
 9.36570E+01
 9.36455E+01
 9.36340E+01
 9.36227E+01
 9.36114E+01
 9.36002E+01
 9.35890E+01
 9.35780E+01
 9.35670E+01
 9.35561E+01
 9.35452E+01
 9.35345E+01
 9.35238E+01
 9.35132E+01
 9.35027E+01
 9.34922E+01
 9.34819E+01
 9.34716E+01
 9.34614E+01
 9.34512E+01
 9.34412E+01
 9.34312E+01
 9.34213E+01
 9.34114E+01
 9.34017E+01
 9.33920E+01
 9.33824E+01
 9.33728E+01
 9.33634E+01
 9.33540E+01
 9.33447E+01
 9.33354E+01
 9.33263E+01
 9.33172E+01
 9.33082E+01
 9.32993E+01
 9.32904E+01
 9.32816E+01
 9.32729E+01
 9.32643E+01
 9.32557E+01
 9.32473E+01
 9.32389E+01
 9.32305E+01
 9.32223E+01
 9.32141E+01
 9.32060E+01
 9.31979E+01
 9.31900E+01
 9.31821E+01
 9.31743E+01
 9.31665E+01
 9.31589E+01
 9.31513E+01
 9.31438E+01
 9.31363E+01
 9.31289E+01
 9.31216E+01
 9.31143E+01
 9.31072E+01
 9.31001E+01
 9.30931E+01
 9.30862E+01
 9.30793E+01
 9.30725E+01
 9.30658E+01
 9.30592E+01
 9.30526E+01
 9.30461E+01
 9.30397E+01
 9.30333E+01
 9.30270E+01
 9.30208E+01
 9.30147E+01
 9.30086E+01
 9.30026E+01
 9.29967E+01
 9.29908E+01
 9.29850E+01
 9.29793E+01
 9.29737E+01
 9.29681E+01
 9.29626E+01
 9.29572E+01
 9.29518E+01
 9.29465E+01
 9.29413E+01
 9.29361E+01
 9.29311E+01
 9.29261E+01
 9.29211E+01
 9.29162E+01
 9.29114E+01
 9.29067E+01
 9.29021E+01
 9.28975E+01
 9.28930E+01
 9.28885E+01
 9.28841E+01
 9.28798E+01
 9.28756E+01
 9.28714E+01
 9.28672E+01
 9.28632E+01
 9.28592E+01
 9.28553E+01
 9.28514E+01
 9.28477E+01
 9.28440E+01
 9.28404E+01
 9.28368E+01
 9.28332E+01
 9.28298E+01
 9.28265E+01
 9.28232E+01
 9.28199E+01
 9.28168E+01
 9.28137E+01
 9.28107E+01
 9.28077E+01
 9.28048E+01
 9.28020E+01
 9.27992E+01
 9.27965E+01
 9.27939E+01
 9.27914E+01
 9.27889E+01
 9.27864E+01
 9.27841E+01
 9.27818E+01
 9.27796E+01
 9.27774E+01
 9.27753E+01
 9.27733E+01
 9.27713E+01
 9.27694E+01
 9.27676E+01
 9.27658E+01
 9.27641E+01
 9.27625E+01
 9.27609E+01
 9.27594E+01
 9.27579E+01
 9.27565E+01
 9.27552E+01
 9.27540E+01
 9.27528E+01
 9.27516E+01
 9.27506E+01
 9.27496E+01
 9.27486E+01
 9.27477E+01
 9.27469E+01
 9.27462E+01
 9.27455E+01
 9.27448E+01
 9.27443E+01
 9.27438E+01
 9.27433E+01
 9.27429E+01
 9.27426E+01
 9.27423E+01
 9.27421E+01
 9.27420E+01
 9.27419E+01
 9.27419E+01
 9.27419E+01
 9.27420E+01
 9.27422E+01
 9.27425E+01
 9.27428E+01
 9.27431E+01
 9.27435E+01
 9.27440E+01
 9.27445E+01
 9.27451E+01
 9.27458E+01
 9.27465E+01
 9.27473E+01
 9.27481E+01
 9.27490E+01
 9.27500E+01
 9.27510E+01
 9.27521E+01
 9.27532E+01
 9.27544E+01
 9.27556E+01
 9.27570E+01
 9.27583E+01
 9.27597E+01
 9.27612E+01
 9.27628E+01
 9.27644E+01
 9.27660E+01
 9.27677E+01
 9.27695E+01
 9.27713E+01
 9.27732E+01
 9.27752E+01
 9.27772E+01
 9.27792E+01
 9.27813E+01
 9.27835E+01
 9.27857E+01
 9.27880E+01
 9.27904E+01
 9.27927E+01
 9.27952E+01
 9.27977E+01
 9.28003E+01
 9.28029E+01
 9.28055E+01
 9.28083E+01
 9.28111E+01
 9.28139E+01
 9.28168E+01
 9.28197E+01
 9.28227E+01
 9.28257E+01
 9.28288E+01
 9.28320E+01
 9.28352E+01
 9.28385E+01
 9.28418E+01
 9.28452E+01
 9.28486E+01
 9.28521E+01
 9.28556E+01
 9.28592E+01
 9.28629E+01
 9.28666E+01
 9.28703E+01
 9.28741E+01
 9.28780E+01
 9.28819E+01
 9.28858E+01
 9.28898E+01
 9.28939E+01
 9.28980E+01
 9.29021E+01
 9.29063E+01
 9.29106E+01
 9.29149E+01
 9.29193E+01
 9.29237E+01
 9.29282E+01
 9.29327E+01
 9.29373E+01
 9.29419E+01
 9.29466E+01
 9.29513E+01
 9.29560E+01
 9.29609E+01
 9.29657E+01
 9.29706E+01
 9.29756E+01
 9.29806E+01
 9.29857E+01
 9.29908E+01
 9.29959E+01
 9.30012E+01
 9.30064E+01
 9.30117E+01
 9.30171E+01
 9.30225E+01
 9.30279E+01
 9.30334E+01
 9.30389E+01
 9.30445E+01
 9.30502E+01
 9.30559E+01
 9.30616E+01
 9.30674E+01
 9.30732E+01
 9.30791E+01
 9.30850E+01
 9.30909E+01
 9.30969E+01
 9.31030E+01
 9.31091E+01
 9.31152E+01
 9.31214E+01
 9.31276E+01
 9.31339E+01
 9.31402E+01
 9.31466E+01
 9.31530E+01
 9.31595E+01
 9.31660E+01
 9.31725E+01
 9.31791E+01
 9.31858E+01
 9.31924E+01
 9.31992E+01
 9.32059E+01
 9.32127E+01
 9.32196E+01
 9.32265E+01
 9.32334E+01
 9.32404E+01
 9.32474E+01
 9.32545E+01
 9.32616E+01
 9.32687E+01
 9.32759E+01
 9.32832E+01
 9.32904E+01
 9.32978E+01
 9.33051E+01
 9.33125E+01
 9.33199E+01
 9.33274E+01
 9.33349E+01
 9.33425E+01
 9.33501E+01
 9.33577E+01
 9.33654E+01
 9.33732E+01
 9.33809E+01
 9.33887E+01
 9.33966E+01
 9.34044E+01
 9.34124E+01
 9.34203E+01
 9.34283E+01
 9.34363E+01
 9.34444E+01
 9.34525E+01
 9.34607E+01
 9.34688E+01
 9.34771E+01
 9.34853E+01
 9.34936E+01
 9.35020E+01
 9.35104E+01
 9.35188E+01
 9.35272E+01
 9.35357E+01
 9.35443E+01
 9.35528E+01
 9.35614E+01
 9.35701E+01
 9.35787E+01
 9.35874E+01
 9.35962E+01
 9.36049E+01
 9.36138E+01
 9.36226E+01
 9.36315E+01
 9.36404E+01
 9.36494E+01
 9.36584E+01
 9.36674E+01
 9.36765E+01
 9.36856E+01
 9.36947E+01
 9.37039E+01
 9.37131E+01
 9.37223E+01
 9.37316E+01
 9.37409E+01
 9.37502E+01
 9.37595E+01
 9.37689E+01
 9.37784E+01
 9.37878E+01
 9.37973E+01
 9.38068E+01
 9.38164E+01
 9.38260E+01
 9.38356E+01
 9.38453E+01
 9.38550E+01
 9.38647E+01
 9.38745E+01
 9.38843E+01
 9.38941E+01
 9.39039E+01
 9.39138E+01
 9.39237E+01
 9.39337E+01
 9.39436E+01
 9.39536E+01
 9.39637E+01
 9.39737E+01
 9.39838E+01
 9.39939E+01
 9.40041E+01
 9.40143E+01
 9.40245E+01
 9.40347E+01
 9.40450E+01
 9.40553E+01
 9.40656E+01
 9.40760E+01
 9.40864E+01
 9.40968E+01
 9.41072E+01
 9.41177E+01
 9.41282E+01
 9.41387E+01
 9.41493E+01
 9.41599E+01
 9.41705E+01
 9.41811E+01
 9.41917E+01
 9.42024E+01
 9.42131E+01
 9.42239E+01
 9.42346E+01
 9.42454E+01
 9.42562E+01
 9.42671E+01
 9.42780E+01
 9.42889E+01
 9.42998E+01
 9.43107E+01
 9.43217E+01
 9.43327E+01
 9.43437E+01
 9.43548E+01
 9.43659E+01
 9.43770E+01
 9.43881E+01
 9.43992E+01
 9.44104E+01
 9.44216E+01
 9.44328E+01
 9.44441E+01
 9.44553E+01
 9.44666E+01
 9.44779E+01
 9.44893E+01
 9.45006E+01
 9.45120E+01
 9.45234E+01
 9.45348E+01
 9.45463E+01
 9.45578E+01
 9.45692E+01
 9.45808E+01
 9.45923E+01
 9.46039E+01
 9.46154E+01
 9.46271E+01
 9.46387E+01
 9.46503E+01
 9.46620E+01
 9.46737E+01
 9.46854E+01
 9.46971E+01
 9.47089E+01
 9.47206E+01
 9.47324E+01
 9.47442E+01
 9.47560E+01
 9.47679E+01
 9.47798E+01
 9.47917E+01
 9.48036E+01
 9.48155E+01
 9.48274E+01
 9.48394E+01
 9.48514E+01
 9.48634E+01
 9.48754E+01
 9.48875E+01
 9.48995E+01
 9.49116E+01
 9.49237E+01
 9.49358E+01
 9.49479E+01
 9.49601E+01
 9.49722E+01
 9.49844E+01
 9.49966E+01
 9.50088E+01
 9.50210E+01
 9.50333E+01
 9.50455E+01
 9.50578E+01
 9.50701E+01
 9.50824E+01
 9.50948E+01
 9.51071E+01
 9.51195E+01
 9.51319E+01
 9.51442E+01
 9.51566E+01
 9.51691E+01
 9.51815E+01
 9.51939E+01
 9.52064E+01
 9.52189E+01
 9.52314E+01
 9.52439E+01
 9.52564E+01
 9.52690E+01
 9.52815E+01
 9.52941E+01
 9.53066E+01
 9.53192E+01
 9.53318E+01
 9.53445E+01
 9.53571E+01
 9.53697E+01
 9.53824E+01
 9.53951E+01
 9.54078E+01
 9.54204E+01
 9.54332E+01
 9.54459E+01
 9.54586E+01
 9.54714E+01
 9.54841E+01
 9.54969E+01
 9.55097E+01
 9.55224E+01
 9.55352E+01
 9.55480E+01
 9.55609E+01
 9.55737E+01
 9.55866E+01
 9.55994E+01
 9.56123E+01
 9.56252E+01
 9.56380E+01
 9.56509E+01
 9.56638E+01
 9.56768E+01
 9.56897E+01
 9.57026E+01
 9.57156E+01
 9.57285E+01
 9.57415E+01
 9.57544E+01
 9.57674E+01
 9.57804E+01
 9.57934E+01
 9.58064E+01
 9.58194E+01
 9.58325E+01
 9.58455E+01
 9.58585E+01
 9.58716E+01
 9.58846E+01
 9.58977E+01
 9.59108E+01
 9.59238E+01
 9.59369E+01
 9.59500E+01
 9.59631E+01
 9.59762E+01
 9.59893E+01
 9.60024E+01
 9.60156E+01
 9.60287E+01
 9.60418E+01
 9.60550E+01
 9.60681E+01
 9.60813E+01
 9.60945E+01
 9.61076E+01
 9.61208E+01
 9.61340E+01
 9.61472E+01
 9.61604E+01
 9.61735E+01
 9.61867E+01
 9.62000E+01
 9.62132E+01
 9.62264E+01
 9.62396E+01
 9.62528E+01
 9.62660E+01
 9.62793E+01
 9.62925E+01
 9.63057E+01
 9.63190E+01
 9.63322E+01
 9.63455E+01
 9.63587E+01
 9.63720E+01
 9.63853E+01
 9.63985E+01
 9.64118E+01
 9.64251E+01
 9.64383E+01
 9.64516E+01
 9.64649E+01
 9.64782E+01
 9.64914E+01
 9.65047E+01
 9.65180E+01
 9.65313E+01
 9.65446E+01
 9.65579E+01
 9.65712E+01
 9.65844E+01
 9.65977E+01
 9.66110E+01
 9.66243E+01
 9.66376E+01
 9.66509E+01
 9.66642E+01
 9.66775E+01
 9.66908E+01
 9.67041E+01
 9.67174E+01
 9.67307E+01
 9.67440E+01
 9.67573E+01
 9.67706E+01
 9.67839E+01
 9.67972E+01
 9.68105E+01
 9.68238E+01
 9.68371E+01
 9.68504E+01
 9.68637E+01
 9.68770E+01
 9.68903E+01
 9.69036E+01
 9.69169E+01
 9.69302E+01
 9.69434E+01
 9.69567E+01
 9.69700E+01
 9.69833E+01
 9.69966E+01
 9.70098E+01
 9.70231E+01
 9.70364E+01
 9.70496E+01
 9.70629E+01
 9.70762E+01
 9.70894E+01
 9.71027E+01
 9.71159E+01
 9.71292E+01
 9.71424E+01
 9.71557E+01
 9.71689E+01
 9.71822E+01
 9.71954E+01
 9.72086E+01
 9.72219E+01
 9.72351E+01
 9.72483E+01
 9.72615E+01
 9.72747E+01
 9.72879E+01
 9.73011E+01
 9.73143E+01
 9.73275E+01
 9.73407E+01
 9.73539E+01
 9.73671E+01
 9.73803E+01
 9.73934E+01
 9.74066E+01
 9.74197E+01
 9.74329E+01
 9.74460E+01
 9.74592E+01
 9.74723E+01
 9.74854E+01
 9.74986E+01
 9.75117E+01
 9.75248E+01
 9.75379E+01
 9.75510E+01
 9.75641E+01
 9.75772E+01
 9.75902E+01
 9.76033E+01
 9.76164E+01
 9.76294E+01
 9.76425E+01
 9.76555E+01
 9.76685E+01
 9.76816E+01
 9.76946E+01
 9.77076E+01
 9.77206E+01
 9.77336E+01
 9.77466E+01
 9.77596E+01
 9.77725E+01
 9.77855E+01
 9.77985E+01
 9.78114E+01
 9.78243E+01
 9.78373E+01
 9.78502E+01
 9.78631E+01
 9.78760E+01
 9.78889E+01
 9.79018E+01
 9.79147E+01
 9.79276E+01
 9.79404E+01
 9.79533E+01
 9.79661E+01
 9.79790E+01
 9.79918E+01
 9.80046E+01
 9.80174E+01
 9.80302E+01
 9.80430E+01
 9.80558E+01
 9.80685E+01
 9.80813E+01
 9.80940E+01
 9.81068E+01
 9.81195E+01
 9.81322E+01
 9.81449E+01
 9.81576E+01
 9.81703E+01
 9.81829E+01
 9.81956E+01
 9.82082E+01
 9.82209E+01
 9.82335E+01
 9.82461E+01
 9.82587E+01
 9.82713E+01
 9.82839E+01
 9.82964E+01
 9.83090E+01
 9.83215E+01
 9.83341E+01
 9.83466E+01
 9.83591E+01
 9.83716E+01
 9.83841E+01
 9.83966E+01
 9.84090E+01
 9.84215E+01
 9.84339E+01
 9.84463E+01
 9.84587E+01
 9.84711E+01
 9.84835E+01
 9.84959E+01
 9.85082E+01
 9.85206E+01
 9.85329E+01
 9.85452E+01
 9.85575E+01
 9.85698E+01
 9.85821E+01
 9.85944E+01
 9.86066E+01
 9.86189E+01
 9.86311E+01
 9.86433E+01
 9.86555E+01
 9.86676E+01
 9.86798E+01
 9.86920E+01
 9.87041E+01
 9.87163E+01
 9.87284E+01
 9.87405E+01
 9.87526E+01
 9.87646E+01
 9.87767E+01
 9.87887E+01
 9.88007E+01
 9.88128E+01
 9.88247E+01
 9.88367E+01
 9.88487E+01
 9.88606E+01
 9.88726E+01
 9.88845E+01
 9.88964E+01
 9.89083E+01
 9.89201E+01
 9.89320E+01
 9.89438E+01
 9.89557E+01
 9.89675E+01
 9.89793E+01
 9.89910E+01
 9.90028E+01
 9.90146E+01
 9.90263E+01
 9.90380E+01
 9.90497E+01
 9.90614E+01
 9.90731E+01
 9.90847E+01
 9.90964E+01
 9.91080E+01
 9.91196E+01
 9.91312E+01
 9.91427E+01
 9.91543E+01
 9.91658E+01
 9.91773E+01
 9.91888E+01
 9.92003E+01
 9.92118E+01
 9.92232E+01
 9.92347E+01
 9.92461E+01
 9.92575E+01
 9.92689E+01
 9.92802E+01
 9.92916E+01
 9.93029E+01
 9.93142E+01
 9.93255E+01
 9.93368E+01
 9.93481E+01
 9.93593E+01
 9.93705E+01
 9.93817E+01
 9.93929E+01
 9.94041E+01
 9.94152E+01
 9.94264E+01
 9.94375E+01
 9.94486E+01
 9.94596E+01
 9.94707E+01
 9.94818E+01
 9.94928E+01
 9.95038E+01
 9.95148E+01
 9.95257E+01
 9.95367E+01
 9.95476E+01
 9.95585E+01
 9.95694E+01
 9.95803E+01
 9.95911E+01
 9.96020E+01
 9.96128E+01
 9.96236E+01
 9.96344E+01
 9.96451E+01
 9.96559E+01
 9.96666E+01
 9.96773E+01
 9.96880E+01
 9.96986E+01
 9.97093E+01
 9.97199E+01
 9.97305E+01
 9.97411E+01
 9.97516E+01
 9.97622E+01
 9.97727E+01
 9.97832E+01
 9.97937E+01
