 2.00000E+01
 2.00000E+01
 2.00000E+01
 2.00000E+01
 2.00000E+01
 2.00000E+01
 2.00000E+01
 2.00000E+01
 2.00615E+01
 2.01364E+01
 2.01642E+01
 2.01934E+01
 2.02241E+01
 2.02563E+01
 2.02899E+01
 2.03250E+01
 2.03615E+01
 2.03994E+01
 2.04387E+01
 2.04795E+01
 2.05217E+01
 2.05653E+01
 2.06104E+01
 2.06569E+01
 2.07048E+01
 2.07541E+01
 2.08048E+01
 2.08569E+01
 2.09105E+01
 2.09654E+01
 2.10217E+01
 2.10794E+01
 2.11385E+01
 2.11990E+01
 2.12608E+01
 2.13241E+01
 2.13887E+01
 2.14547E+01
 2.15220E+01
 2.15908E+01
 2.16608E+01
 2.17323E+01
 2.18051E+01
 2.18792E+01
 2.19547E+01
 2.20315E+01
 2.21097E+01
 2.21892E+01
 2.22701E+01
 2.23523E+01
 2.24358E+01
 2.25206E+01
 2.26067E+01
 2.26942E+01
 2.27830E+01
 2.28731E+01
 2.29645E+01
 2.30572E+01
 2.31512E+01
 2.32464E+01
 2.33430E+01
 2.34409E+01
 2.35401E+01
 2.36405E+01
 2.37422E+01
 2.38452E+01
 2.39495E+01
 2.40550E+01
 2.41618E+01
 2.42698E+01
 2.43792E+01
 2.44897E+01
 2.46015E+01
 2.47146E+01
 2.48289E+01
 2.49445E+01
 2.50612E+01
 2.51793E+01
 2.52985E+01
 2.54190E+01
 2.55407E+01
 2.56636E+01
 2.57877E+01
 2.59130E+01
 2.60396E+01
 2.61673E+01
 2.62962E+01
 2.64264E+01
 2.65577E+01
 2.66902E+01
 2.68240E+01
 2.69589E+01
 2.70949E+01
 2.72322E+01
 2.73706E+01
 2.75102E+01
 2.76509E+01
 2.77928E+01
 2.79359E+01
 2.80801E+01
 2.82255E+01
 2.83720E+01
 2.85197E+01
 2.86685E+01
 2.88184E+01
 2.89695E+01
 2.91217E+01
 2.92750E+01
 2.94295E+01
 2.95850E+01
 2.97417E+01
 2.98995E+01
 3.00584E+01
 3.02184E+01
 3.03795E+01
 3.05417E+01
 3.07050E+01
 3.08693E+01
 3.10348E+01
 3.12013E+01
 3.13689E+01
 3.15376E+01
 3.17074E+01
 3.18782E+01
 3.20501E+01
 3.22230E+01
 3.23971E+01
 3.25721E+01
 3.27482E+01
 3.29254E+01
 3.31036E+01
 3.32828E+01
 3.34630E+01
 3.36443E+01
 3.38267E+01
 3.40100E+01
 3.41944E+01
 3.43797E+01
 3.45661E+01
 3.47535E+01
 3.49419E+01
 3.51313E+01
 3.53217E+01
 3.55131E+01
 3.57055E+01
 3.58989E+01
 3.60932E+01
 3.62885E+01
 3.64849E+01
 3.66821E+01
 3.68804E+01
 3.70796E+01
 3.72797E+01
 3.74809E+01
 3.76829E+01
 3.78860E+01
 3.80899E+01
 3.82949E+01
 3.85007E+01
 3.87075E+01
 3.89152E+01
 3.91239E+01
 3.93334E+01
 3.95439E+01
 3.97553E+01
 3.99677E+01
 4.01809E+01
 4.03950E+01
 4.06101E+01
 4.08260E+01
 4.10428E+01
 4.12605E+01
 4.14791E+01
 4.16986E+01
 4.19190E+01
 4.21402E+01
 4.23623E+01
 4.25853E+01
 4.28092E+01
 4.30339E+01
 4.32594E+01
 4.34859E+01
 4.37131E+01
 4.39412E+01
 4.41702E+01
 4.44000E+01
 4.46306E+01
 4.48621E+01
 4.50944E+01
 4.53275E+01
 4.55614E+01
 4.57962E+01
 4.60318E+01
 4.62681E+01
 4.65053E+01
 4.67433E+01
 4.69821E+01
 4.72217E+01
 4.74620E+01
 4.77032E+01
 4.79451E+01
 4.81879E+01
 4.84314E+01
 4.86756E+01
 4.89207E+01
 4.91665E+01
 4.94131E+01
 4.96604E+01
 4.99085E+01
 5.01573E+01
 5.04069E+01
 5.06572E+01
 5.09083E+01
 5.11601E+01
 5.14126E+01
 5.16659E+01
 5.19198E+01
 5.21746E+01
 5.24300E+01
 5.26861E+01
 5.29430E+01
 5.32005E+01
 5.34588E+01
 5.37178E+01
 5.39774E+01
 5.42378E+01
 5.44988E+01
 5.47606E+01
 5.50230E+01
 5.52861E+01
 5.55498E+01
 5.58143E+01
 5.60794E+01
 5.63451E+01
 5.66115E+01
 5.68786E+01
 5.71464E+01
 5.74147E+01
 5.76838E+01
 5.79535E+01
 5.82238E+01
 5.84947E+01
 5.87663E+01
 5.90385E+01
 5.93113E+01
 5.95848E+01
 5.98588E+01
 6.01335E+01
 6.04088E+01
 6.06847E+01
 6.09612E+01
 6.12383E+01
 6.15160E+01
 6.17943E+01
 6.20732E+01
 6.23526E+01
 6.26327E+01
 6.29133E+01
 6.31945E+01
 6.34762E+01
 6.37586E+01
 6.40415E+01
 6.43249E+01
 6.46089E+01
 6.48935E+01
 6.51786E+01
 6.54642E+01
 6.57504E+01
 6.60372E+01
 6.63245E+01
 6.66123E+01
 6.69006E+01
 6.71894E+01
 6.74788E+01
 6.77687E+01
 6.80591E+01
 6.83500E+01
 6.86415E+01
 6.89334E+01
 6.92258E+01
 6.95188E+01
 6.98122E+01
 7.01061E+01
 7.04005E+01
 7.06954E+01
 7.09907E+01
 7.12865E+01
 7.15828E+01
 7.18796E+01
 7.21768E+01
 7.24745E+01
 7.27727E+01
 7.30713E+01
 7.33704E+01
 7.36699E+01
 7.39698E+01
 7.42702E+01
 7.45711E+01
 7.48723E+01
 7.51740E+01
 7.54761E+01
 7.57787E+01
 7.60817E+01
 7.63850E+01
 7.66888E+01
 7.69930E+01
 7.72977E+01
 7.76027E+01
 7.79081E+01
 7.82139E+01
 7.85201E+01
 7.88267E+01
 7.91337E+01
 7.94411E+01
 7.97488E+01
 8.00569E+01
 8.03654E+01
 8.06743E+01
 8.09835E+01
 8.12931E+01
 8.16030E+01
 8.19133E+01
 8.22240E+01
 8.25350E+01
 8.28464E+01
 8.31581E+01
 8.34701E+01
 8.37825E+01
 8.40952E+01
 8.44082E+01
 8.47216E+01
 8.50352E+01
 8.53492E+01
 8.56635E+01
 8.59782E+01
 8.62931E+01
 8.66083E+01
 8.69239E+01
 8.72397E+01
 8.75559E+01
 8.78723E+01
 8.81890E+01
 8.85060E+01
 8.88233E+01
 8.91404E+01
 8.94583E+01
 8.97764E+01
 9.00948E+01
 9.04135E+01
 9.07324E+01
 9.10516E+01
 9.13710E+01
 9.16907E+01
 9.20107E+01
 9.23309E+01
 9.26513E+01
 9.29720E+01
 9.32929E+01
 9.36140E+01
 9.39354E+01
 9.42570E+01
 9.45789E+01
 9.49009E+01
 9.52232E+01
 9.55457E+01
 9.58684E+01
 9.61913E+01
 9.65144E+01
 9.68377E+01
 9.71613E+01
 9.74850E+01
 9.78089E+01
 9.81330E+01
 9.84573E+01
 9.87817E+01
 9.91064E+01
 9.94312E+01
 9.97562E+01
 1.00081E+02
 1.00407E+02
 1.00732E+02
 1.01058E+02
 1.01384E+02
 1.01710E+02
 1.02036E+02
 1.02362E+02
 1.02689E+02
 1.03015E+02
 1.03342E+02
 1.03669E+02
 1.03996E+02
 1.04323E+02
 1.04650E+02
 1.04978E+02
 1.05305E+02
 1.05633E+02
 1.05960E+02
 1.06288E+02
 1.06616E+02
 1.06944E+02
 1.07273E+02
 1.07601E+02
 1.07929E+02
 1.08258E+02
 1.08586E+02
 1.08915E+02
 1.09244E+02
 1.09572E+02
 1.09901E+02
 1.10230E+02
 1.10559E+02
 1.10889E+02
 1.11218E+02
 1.11547E+02
 1.11876E+02
 1.12206E+02
 1.12535E+02
 1.12865E+02
 1.13194E+02
 1.13524E+02
 1.13854E+02
 1.14183E+02
 1.14513E+02
 1.14843E+02
 1.15173E+02
 1.15502E+02
 1.15832E+02
 1.16162E+02
 1.16492E+02
 1.16822E+02
 1.17152E+02
 1.17482E+02
 1.17812E+02
 1.18142E+02
 1.18472E+02
 1.18802E+02
 1.19132E+02
 1.19462E+02
 1.19792E+02
 1.20122E+02
 1.20452E+02
 1.20782E+02
 1.21112E+02
 1.21442E+02
 1.21772E+02
 1.22102E+02
 1.22431E+02
 1.22761E+02
 1.23091E+02
 1.23421E+02
 1.23750E+02
 1.24080E+02
 1.24410E+02
 1.24739E+02
 1.25069E+02
 1.25398E+02
 1.25728E+02
 1.26057E+02
 1.26387E+02
 1.26716E+02
 1.27045E+02
 1.27374E+02
 1.27703E+02
 1.28032E+02
 1.28361E+02
 1.28690E+02
 1.29019E+02
 1.29347E+02
 1.29676E+02
 1.30005E+02
 1.30333E+02
 1.30661E+02
 1.30990E+02
 1.31318E+02
 1.31646E+02
 1.31974E+02
 1.32301E+02
 1.32629E+02
 1.32957E+02
 1.33284E+02
 1.33612E+02
 1.33939E+02
 1.34266E+02
 1.34593E+02
 1.34920E+02
 1.35247E+02
 1.35573E+02
 1.35900E+02
 1.36226E+02
 1.36552E+02
 1.36878E+02
 1.37204E+02
 1.37530E+02
 1.37856E+02
 1.38181E+02
 1.38506E+02
 1.38832E+02
 1.39157E+02
 1.39481E+02
 1.39806E+02
 1.40131E+02
 1.40455E+02
 1.40779E+02
 1.41103E+02
 1.41427E+02
 1.41751E+02
 1.42074E+02
 1.42398E+02
 1.42721E+02
 1.43044E+02
 1.43366E+02
 1.43689E+02
 1.44011E+02
 1.44333E+02
 1.44655E+02
 1.44977E+02
 1.45299E+02
 1.45620E+02
 1.45941E+02
 1.46262E+02
 1.46583E+02
 1.46903E+02
 1.47224E+02
 1.47544E+02
 1.47864E+02
 1.48183E+02
 1.48503E+02
 1.48822E+02
 1.49141E+02
 1.49460E+02
 1.49778E+02
 1.50096E+02
 1.50414E+02
 1.50732E+02
 1.51050E+02
 1.51367E+02
 1.51684E+02
 1.52001E+02
 1.52317E+02
 1.52633E+02
 1.52949E+02
 1.53265E+02
 1.53581E+02
 1.53896E+02
 1.54211E+02
 1.54526E+02
 1.54840E+02
 1.55154E+02
 1.55468E+02
 1.55782E+02
 1.56095E+02
 1.56408E+02
 1.56721E+02
 1.57034E+02
 1.57346E+02
 1.57658E+02
 1.57969E+02
 1.58281E+02
 1.58592E+02
 1.58903E+02
 1.59213E+02
 1.59523E+02
 1.59833E+02
 1.60143E+02
 1.60452E+02
 1.60761E+02
 1.61069E+02
 1.61378E+02
 1.61686E+02
 1.61994E+02
 1.62301E+02
 1.62608E+02
 1.62915E+02
 1.63221E+02
 1.63527E+02
 1.63833E+02
 1.64138E+02
 1.64444E+02
 1.64748E+02
 1.65053E+02
 1.65357E+02
 1.65661E+02
 1.65964E+02
 1.66267E+02
 1.66570E+02
 1.66872E+02
 1.67174E+02
 1.67476E+02
 1.67777E+02
 1.68078E+02
 1.68379E+02
 1.68679E+02
 1.68979E+02
 1.69279E+02
 1.69578E+02
 1.69877E+02
 1.70175E+02
 1.70474E+02
 1.70771E+02
 1.71069E+02
 1.71366E+02
 1.71662E+02
 1.71959E+02
 1.72254E+02
 1.72550E+02
 1.72845E+02
 1.73140E+02
 1.73434E+02
 1.73728E+02
 1.74022E+02
 1.74315E+02
 1.74608E+02
 1.74900E+02
 1.75192E+02
 1.75484E+02
 1.75775E+02
 1.76066E+02
 1.76356E+02
 1.76646E+02
 1.76936E+02
 1.77225E+02
 1.77514E+02
 1.77802E+02
 1.78090E+02
 1.78378E+02
 1.78665E+02
 1.78952E+02
 1.79238E+02
 1.79524E+02
 1.79809E+02
 1.80094E+02
 1.80379E+02
 1.80663E+02
 1.80947E+02
 1.81230E+02
 1.81513E+02
 1.81796E+02
 1.82078E+02
 1.82360E+02
 1.82641E+02
 1.82922E+02
 1.83202E+02
 1.83482E+02
 1.83761E+02
 1.84040E+02
 1.84319E+02
 1.84597E+02
 1.84875E+02
 1.85152E+02
 1.85429E+02
 1.85705E+02
 1.85981E+02
 1.86256E+02
 1.86531E+02
 1.86806E+02
 1.87080E+02
 1.87353E+02
 1.87627E+02
 1.87899E+02
 1.88171E+02
 1.88443E+02
 1.88714E+02
 1.88985E+02
 1.89256E+02
 1.89526E+02
 1.89795E+02
 1.90064E+02
 1.90332E+02
 1.90600E+02
 1.90868E+02
 1.91135E+02
 1.91401E+02
 1.91668E+02
 1.91933E+02
 1.92198E+02
 1.92463E+02
 1.92727E+02
 1.92991E+02
 1.93254E+02
 1.93517E+02
 1.93779E+02
 1.94040E+02
 1.94302E+02
 1.94562E+02
 1.94823E+02
 1.95082E+02
 1.95342E+02
 1.95600E+02
 1.95859E+02
 1.96116E+02
 1.96374E+02
 1.96630E+02
 1.96887E+02
 1.97142E+02
 1.97397E+02
 1.97652E+02
 1.97906E+02
 1.98160E+02
 1.98413E+02
 1.98666E+02
 1.98918E+02
 1.99170E+02
 1.99421E+02
 1.99672E+02
 1.99922E+02
 2.00171E+02
 2.00420E+02
 2.00669E+02
 2.00917E+02
 2.01164E+02
 2.01411E+02
 2.01658E+02
 2.01904E+02
 2.02149E+02
 2.02394E+02
 2.02638E+02
 2.02882E+02
 2.03126E+02
 2.03368E+02
 2.03611E+02
 2.03852E+02
 2.04094E+02
 2.04334E+02
 2.04574E+02
 2.04814E+02
 2.05053E+02
 2.05291E+02
 2.05529E+02
 2.05767E+02
 2.06004E+02
 2.06240E+02
 2.06476E+02
 2.06711E+02
 2.06946E+02
 2.07180E+02
 2.07414E+02
 2.07647E+02
 2.07879E+02
 2.08111E+02
 2.08343E+02
 2.08573E+02
 2.08804E+02
 2.09034E+02
 2.09263E+02
 2.09491E+02
 2.09720E+02
 2.09947E+02
 2.10174E+02
 2.10401E+02
 2.10626E+02
 2.10852E+02
 2.11077E+02
 2.11301E+02
 2.11524E+02
 2.11748E+02
 2.11970E+02
 2.12192E+02
 2.12413E+02
 2.12634E+02
 2.12855E+02
 2.13074E+02
 2.13294E+02
 2.13512E+02
 2.13730E+02
 2.13948E+02
 2.14164E+02
 2.14381E+02
 2.14597E+02
 2.14812E+02
 2.15026E+02
 2.15240E+02
 2.15454E+02
 2.15667E+02
 2.15879E+02
 2.16091E+02
 2.16302E+02
 2.16513E+02
 2.16723E+02
 2.16932E+02
 2.17141E+02
 2.17349E+02
 2.17557E+02
 2.17764E+02
 2.17971E+02
 2.18177E+02
 2.18382E+02
 2.18587E+02
 2.18791E+02
 2.18995E+02
 2.19198E+02
 2.19400E+02
 2.19602E+02
 2.19804E+02
 2.20004E+02
 2.20205E+02
 2.20404E+02
 2.20603E+02
 2.20802E+02
 2.20999E+02
 2.21197E+02
 2.21393E+02
 2.21589E+02
 2.21785E+02
 2.21980E+02
 2.22174E+02
 2.22368E+02
 2.22561E+02
 2.22753E+02
 2.22945E+02
 2.23137E+02
 2.23327E+02
 2.23518E+02
 2.23707E+02
 2.23896E+02
 2.24084E+02
 2.24272E+02
 2.24459E+02
 2.24646E+02
 2.24832E+02
 2.25017E+02
 2.25202E+02
 2.25386E+02
 2.25570E+02
 2.25753E+02
 2.25936E+02
 2.26117E+02
 2.26299E+02
 2.26479E+02
 2.26659E+02
 2.26839E+02
 2.27018E+02
 2.27196E+02
 2.27374E+02
 2.27551E+02
 2.27727E+02
 2.27903E+02
 2.28078E+02
 2.28253E+02
 2.28427E+02
 2.28600E+02
 2.28773E+02
 2.28946E+02
 2.29117E+02
 2.29288E+02
 2.29459E+02
 2.29629E+02
 2.29798E+02
 2.29966E+02
 2.30135E+02
 2.30302E+02
 2.30469E+02
 2.30635E+02
 2.30801E+02
 2.30966E+02
 2.31130E+02
 2.31294E+02
 2.31457E+02
 2.31620E+02
 2.31782E+02
 2.31943E+02
 2.32104E+02
 2.32264E+02
 2.32424E+02
 2.32583E+02
 2.32741E+02
 2.32899E+02
 2.33056E+02
 2.33213E+02
 2.33369E+02
 2.33524E+02
 2.33679E+02
 2.33833E+02
 2.33987E+02
 2.34140E+02
 2.34292E+02
 2.34444E+02
 2.34595E+02
 2.34746E+02
 2.34896E+02
 2.35045E+02
 2.35194E+02
 2.35342E+02
 2.35489E+02
 2.35636E+02
 2.35783E+02
 2.35928E+02
 2.36073E+02
 2.36218E+02
 2.36362E+02
 2.36505E+02
 2.36648E+02
 2.36790E+02
 2.36931E+02
 2.37072E+02
 2.37212E+02
 2.37352E+02
 2.37491E+02
 2.37630E+02
 2.37767E+02
 2.37905E+02
 2.38041E+02
 2.38177E+02
 2.38313E+02
 2.38448E+02
 2.38582E+02
 2.38716E+02
 2.38849E+02
 2.38981E+02
 2.39113E+02
 2.39244E+02
 2.39375E+02
 2.39505E+02
 2.39634E+02
 2.39763E+02
 2.39891E+02
 2.40019E+02
 2.40146E+02
 2.40272E+02
 2.40398E+02
 2.40523E+02
 2.40648E+02
 2.40772E+02
 2.40895E+02
 2.41018E+02
 2.41140E+02
 2.41262E+02
 2.41383E+02
 2.41503E+02
 2.41623E+02
 2.41742E+02
 2.41861E+02
 2.41979E+02
 2.42096E+02
 2.42213E+02
 2.42329E+02
 2.42445E+02
 2.42560E+02
 2.42674E+02
 2.42788E+02
 2.42901E+02
 2.43014E+02
 2.43126E+02
 2.43237E+02
 2.43348E+02
 2.43458E+02
 2.43568E+02
 2.43677E+02
 2.43786E+02
 2.43893E+02
 2.44001E+02
 2.44107E+02
 2.44214E+02
 2.44319E+02
 2.44424E+02
 2.44528E+02
 2.44632E+02
 2.44735E+02
 2.44838E+02
 2.44940E+02
 2.45041E+02
 2.45142E+02
 2.45242E+02
 2.45342E+02
 2.45441E+02
 2.45539E+02
 2.45637E+02
 2.45734E+02
 2.45831E+02
 2.45927E+02
 2.46022E+02
 2.46117E+02
 2.46211E+02
 2.46305E+02
 2.46398E+02
 2.46491E+02
 2.46583E+02
 2.46674E+02
 2.46765E+02
 2.46855E+02
 2.46945E+02
 2.47034E+02
 2.47123E+02
 2.47210E+02
 2.47298E+02
 2.47385E+02
 2.47471E+02
 2.47556E+02
 2.47641E+02
 2.47726E+02
 2.47810E+02
 2.47893E+02
 2.47976E+02
 2.48058E+02
 2.48139E+02
 2.48220E+02
 2.48301E+02
 2.48381E+02
 2.48460E+02
 2.48538E+02
 2.48617E+02
 2.48694E+02
 2.48771E+02
 2.48847E+02
 2.48923E+02
 2.48999E+02
 2.49073E+02
 2.49147E+02
 2.49221E+02
 2.49294E+02
 2.49366E+02
 2.49438E+02
 2.49510E+02
 2.49580E+02
 2.49650E+02
 2.49720E+02
 2.49789E+02
 2.49858E+02
 2.49925E+02
 2.49993E+02
 2.50060E+02
 2.50126E+02
 2.50191E+02
 2.50257E+02
 2.50321E+02
 2.50385E+02
 2.50449E+02
 2.50511E+02
 2.50574E+02
 2.50636E+02
 2.50697E+02
 2.50757E+02
 2.50818E+02
 2.50877E+02
 2.50936E+02
 2.50995E+02
 2.51052E+02
 2.51110E+02
 2.51167E+02
 2.51223E+02
 2.51278E+02
 2.51334E+02
 2.51388E+02
 2.51442E+02
 2.51496E+02
 2.51549E+02
 2.51601E+02
 2.51653E+02
 2.51704E+02
 2.51755E+02
 2.51805E+02
 2.51855E+02
 2.51904E+02
 2.51953E+02
 2.52001E+02
 2.52049E+02
 2.52096E+02
 2.52142E+02
 2.52188E+02
 2.52234E+02
 2.52278E+02
 2.52323E+02
 2.52367E+02
 2.52410E+02
 2.52453E+02
 2.52495E+02
 2.52537E+02
 2.52578E+02
 2.52618E+02
 2.52658E+02
 2.52698E+02
 2.52737E+02
 2.52776E+02
 2.52814E+02
 2.52851E+02
 2.52888E+02
 2.52925E+02
 2.52960E+02
 2.52996E+02
 2.53031E+02
 2.53065E+02
 2.53099E+02
 2.53132E+02
 2.53165E+02
 2.53197E+02
 2.53229E+02
 2.53260E+02
 2.53291E+02
 2.53321E+02
 2.53351E+02
 2.53380E+02
 2.53409E+02
 2.53437E+02
 2.53465E+02
 2.53492E+02
 2.53519E+02
 2.53545E+02
 2.53570E+02
 2.53596E+02
 2.53620E+02
 2.53644E+02
 2.53668E+02
 2.53691E+02
 2.53714E+02
 2.53736E+02
 2.53758E+02
 2.53779E+02
 2.53799E+02
 2.53820E+02
 2.53839E+02
 2.53858E+02
 2.53877E+02
 2.53895E+02
 2.53913E+02
 2.53930E+02
 2.53947E+02
 2.53963E+02
 2.53979E+02
 2.53994E+02
 2.54009E+02
 2.54023E+02
 2.54037E+02
 2.54050E+02
 2.54063E+02
 2.54075E+02
 2.54087E+02
 2.54098E+02
 2.54109E+02
 2.54120E+02
 2.54130E+02
 2.54139E+02
 2.54148E+02
 2.54156E+02
 2.54164E+02
 2.54172E+02
 2.54179E+02
 2.54186E+02
 2.54192E+02
 2.54198E+02
 2.54203E+02
 2.54208E+02
 2.54212E+02
 2.54216E+02
 2.54219E+02
 2.54222E+02
 2.54224E+02
 2.54226E+02
 2.54228E+02
 2.54229E+02
 2.54229E+02
 2.54229E+02
 2.54229E+02
 2.54228E+02
 2.54227E+02
 2.54225E+02
 2.54223E+02
 2.54220E+02
 2.54217E+02
 2.54214E+02
 2.54210E+02
 2.54205E+02
 2.54201E+02
 2.54195E+02
 2.54190E+02
 2.54183E+02
 2.54177E+02
 2.54170E+02
 2.54162E+02
 2.54154E+02
 2.54146E+02
 2.54137E+02
 2.54128E+02
 2.54118E+02
 2.54108E+02
 2.54097E+02
 2.54086E+02
 2.54075E+02
 2.54063E+02
 2.54050E+02
 2.54038E+02
 2.54024E+02
 2.54011E+02
 2.53997E+02
 2.53982E+02
 2.53967E+02
 2.53952E+02
 2.53936E+02
 2.53920E+02
 2.53904E+02
 2.53887E+02
 2.53869E+02
 2.53851E+02
 2.53833E+02
 2.53814E+02
 2.53795E+02
 2.53776E+02
 2.53756E+02
 2.53736E+02
 2.53715E+02
 2.53694E+02
 2.53672E+02
 2.53650E+02
 2.53628E+02
 2.53605E+02
 2.53582E+02
 2.53558E+02
 2.53534E+02
 2.53510E+02
 2.53485E+02
 2.53460E+02
 2.53434E+02
 2.53408E+02
 2.53382E+02
 2.53355E+02
 2.53328E+02
 2.53301E+02
 2.53273E+02
 2.53244E+02
 2.53216E+02
 2.53186E+02
 2.53157E+02
 2.53127E+02
 2.53097E+02
 2.53066E+02
 2.53035E+02
 2.53004E+02
 2.52972E+02
 2.52940E+02
 2.52907E+02
 2.52874E+02
 2.52841E+02
 2.52807E+02
 2.52773E+02
 2.52739E+02
 2.52704E+02
 2.52668E+02
 2.52633E+02
 2.52597E+02
 2.52561E+02
 2.52524E+02
 2.52487E+02
 2.52450E+02
 2.52412E+02
 2.52374E+02
 2.52335E+02
 2.52296E+02
 2.52257E+02
 2.52218E+02
 2.52178E+02
 2.52137E+02
 2.52097E+02
 2.52056E+02
 2.52014E+02
 2.51973E+02
 2.51930E+02
 2.51888E+02
 2.51845E+02
 2.51802E+02
 2.51759E+02
 2.51715E+02
 2.51671E+02
 2.51626E+02
 2.51581E+02
 2.51536E+02
 2.51491E+02
 2.51445E+02
 2.51399E+02
 2.51352E+02
 2.51305E+02
 2.51258E+02
 2.51211E+02
 2.51163E+02
 2.51114E+02
 2.51066E+02
 2.51017E+02
 2.50968E+02
 2.50918E+02
 2.50868E+02
 2.50818E+02
 2.50768E+02
 2.50717E+02
 2.50666E+02
 2.50614E+02
 2.50563E+02
 2.50510E+02
 2.50458E+02
 2.50405E+02
 2.50352E+02
 2.50299E+02
 2.50245E+02
 2.50191E+02
 2.50137E+02
 2.50082E+02
 2.50027E+02
 2.49972E+02
 2.49917E+02
 2.49861E+02
 2.49805E+02
 2.49748E+02
 2.49691E+02
 2.49634E+02
 2.49577E+02
 2.49519E+02
 2.49461E+02
 2.49403E+02
 2.49344E+02
 2.49286E+02
 2.49226E+02
 2.49167E+02
 2.49107E+02
 2.49047E+02
 2.48987E+02
 2.48926E+02
 2.48866E+02
 2.48804E+02
 2.48743E+02
 2.48681E+02
 2.48619E+02
 2.48557E+02
 2.48494E+02
 2.48431E+02
 2.48368E+02
 2.48305E+02
 2.48241E+02
 2.48177E+02
 2.48113E+02
 2.48049E+02
 2.47984E+02
 2.47919E+02
 2.47853E+02
 2.47788E+02
 2.47722E+02
 2.47656E+02
 2.47590E+02
 2.47523E+02
 2.47456E+02
 2.47389E+02
 2.47321E+02
 2.47254E+02
 2.47186E+02
 2.47118E+02
 2.47049E+02
 2.46980E+02
 2.46911E+02
 2.46842E+02
 2.46773E+02
 2.46703E+02
 2.46633E+02
 2.46563E+02
 2.46492E+02
 2.46422E+02
 2.46351E+02
 2.46280E+02
 2.46208E+02
 2.46136E+02
 2.46064E+02
 2.45992E+02
 2.45920E+02
 2.45847E+02
 2.45774E+02
 2.45701E+02
 2.45628E+02
 2.45554E+02
 2.45481E+02
 2.45407E+02
 2.45332E+02
 2.45258E+02
 2.45183E+02
 2.45108E+02
 2.45033E+02
 2.44958E+02
 2.44882E+02
 2.44806E+02
 2.44730E+02
 2.44654E+02
 2.44577E+02
 2.44501E+02
 2.44424E+02
 2.44347E+02
 2.44269E+02
 2.44192E+02
 2.44114E+02
 2.44036E+02
 2.43958E+02
 2.43879E+02
 2.43801E+02
 2.43722E+02
 2.43643E+02
 2.43564E+02
 2.43484E+02
 2.43404E+02
 2.43325E+02
 2.43245E+02
 2.43164E+02
 2.43084E+02
 2.43003E+02
 2.42922E+02
 2.42841E+02
 2.42760E+02
 2.42679E+02
 2.42597E+02
 2.42515E+02
 2.42433E+02
 2.42351E+02
 2.42269E+02
 2.42186E+02
 2.42104E+02
 2.42021E+02
 2.41938E+02
 2.41854E+02
 2.41771E+02
 2.41687E+02
 2.41603E+02
 2.41520E+02
 2.41435E+02
 2.41351E+02
 2.41266E+02
 2.41182E+02
 2.41097E+02
 2.41012E+02
 2.40927E+02
 2.40841E+02
 2.40756E+02
 2.40670E+02
 2.40584E+02
 2.40498E+02
 2.40412E+02
 2.40326E+02
 2.40239E+02
 2.40153E+02
 2.40066E+02
 2.39979E+02
 2.39892E+02
 2.39804E+02
 2.39717E+02
 2.39629E+02
 2.39541E+02
 2.39454E+02
 2.39365E+02
 2.39277E+02
 2.39189E+02
 2.39100E+02
 2.39012E+02
 2.38923E+02
 2.38834E+02
 2.38745E+02
 2.38656E+02
 2.38566E+02
 2.38477E+02
 2.38387E+02
 2.38297E+02
 2.38207E+02
 2.38117E+02
 2.38027E+02
 2.37937E+02
 2.37846E+02
 2.37756E+02
 2.37665E+02
 2.37574E+02
 2.37483E+02
 2.37392E+02
 2.37301E+02
 2.37210E+02
 2.37118E+02
 2.37026E+02
 2.36935E+02
 2.36843E+02
 2.36751E+02
 2.36659E+02
 2.36567E+02
 2.36474E+02
 2.36382E+02
 2.36289E+02
 2.36197E+02
 2.36104E+02
 2.36011E+02
 2.35918E+02
 2.35825E+02
 2.35732E+02
 2.35638E+02
 2.35545E+02
 2.35451E+02
 2.35358E+02
 2.35264E+02
 2.35170E+02
 2.35076E+02
 2.34982E+02
 2.34888E+02
 2.34794E+02
 2.34699E+02
 2.34605E+02
 2.34510E+02
 2.34416E+02
 2.34321E+02
 2.34226E+02
 2.34131E+02
 2.34036E+02
 2.33941E+02
 2.33846E+02
 2.33751E+02
 2.33655E+02
 2.33560E+02
 2.33464E+02
 2.33368E+02
 2.33273E+02
 2.33177E+02
 2.33081E+02
 2.32985E+02
 2.32889E+02
 2.32793E+02
 2.32697E+02
 2.32601E+02
 2.32504E+02
 2.32408E+02
 2.32311E+02
 2.32215E+02
 2.32118E+02
 2.32021E+02
 2.31925E+02
 2.31828E+02
 2.31731E+02
 2.31634E+02
 2.31537E+02
 2.31440E+02
 2.31343E+02
 2.31245E+02
 2.31148E+02
 2.31051E+02
 2.30953E+02
 2.30856E+02
 2.30758E+02
 2.30661E+02
 2.30563E+02
 2.30465E+02
 2.30368E+02
 2.30270E+02
 2.30172E+02
 2.30074E+02
 2.29976E+02
 2.29878E+02
 2.29780E+02
 2.29682E+02
 2.29584E+02
 2.29486E+02
 2.29387E+02
 2.29289E+02
 2.29191E+02
 2.29092E+02
 2.28994E+02
 2.28895E+02
 2.28797E+02
 2.28698E+02
 2.28600E+02
 2.28501E+02
 2.28403E+02
 2.28304E+02
 2.28205E+02
 2.28106E+02
 2.28008E+02
 2.27909E+02
 2.27810E+02
 2.27711E+02
 2.27612E+02
 2.27513E+02
 2.27414E+02
 2.27315E+02
 2.27216E+02
 2.27117E+02
 2.27018E+02
 2.26919E+02
 2.26820E+02
 2.26721E+02
 2.26622E+02
 2.26523E+02
 2.26423E+02
 2.26324E+02
 2.26225E+02
 2.26126E+02
 2.26027E+02
 2.25927E+02
 2.25828E+02
 2.25729E+02
 2.25629E+02
 2.25530E+02
 2.25431E+02
 2.25332E+02
 2.25232E+02
 2.25133E+02
 2.25033E+02
 2.24934E+02
 2.24835E+02
 2.24735E+02
 2.24636E+02
 2.24537E+02
 2.24437E+02
 2.24338E+02
 2.24239E+02
 2.24139E+02
 2.24040E+02
 2.23941E+02
 2.23841E+02
 2.23742E+02
 2.23643E+02
 2.23543E+02
 2.23444E+02
 2.23345E+02
 2.23245E+02
 2.23146E+02
 2.23047E+02
 2.22947E+02
 2.22848E+02
 2.22749E+02
 2.22650E+02
 2.22550E+02
 2.22451E+02
 2.22352E+02
 2.22253E+02
 2.22154E+02
 2.22055E+02
 2.21956E+02
 2.21856E+02
 2.21757E+02
 2.21658E+02
 2.21559E+02
 2.21460E+02
 2.21361E+02
 2.21262E+02
 2.21163E+02
 2.21064E+02
 2.20966E+02
 2.20867E+02
 2.20768E+02
 2.20669E+02
 2.20570E+02
 2.20472E+02
 2.20373E+02
 2.20274E+02
 2.20176E+02
 2.20077E+02
 2.19979E+02
 2.19880E+02
 2.19781E+02
 2.19683E+02
 2.19585E+02
 2.19486E+02
 2.19388E+02
 2.19290E+02
 2.19191E+02
 2.19093E+02
 2.18995E+02
 2.18897E+02
 2.18799E+02
 2.18701E+02
 2.18603E+02
 2.18505E+02
 2.18407E+02
 2.18309E+02
 2.18211E+02
 2.18113E+02
 2.18016E+02
 2.17918E+02
 2.17820E+02
 2.17723E+02
 2.17625E+02
 2.17528E+02
 2.17431E+02
 2.17333E+02
 2.17236E+02
 2.17139E+02
 2.17042E+02
 2.16944E+02
 2.16847E+02
 2.16750E+02
 2.16653E+02
 2.16557E+02
 2.16460E+02
 2.16363E+02
 2.16266E+02
 2.16170E+02
 2.16073E+02
 2.15977E+02
 2.15880E+02
 2.15784E+02
 2.15688E+02
 2.15591E+02
 2.15495E+02
 2.15399E+02
 2.15303E+02
 2.15207E+02
 2.15111E+02
 2.15015E+02
 2.14920E+02
 2.14824E+02
 2.14728E+02
 2.14633E+02
 2.14537E+02
 2.14442E+02
 2.14347E+02
 2.14252E+02
 2.14156E+02
 2.14061E+02
 2.13966E+02
 2.13871E+02
 2.13777E+02
 2.13682E+02
 2.13587E+02
 2.13493E+02
 2.13398E+02
 2.13304E+02
 2.13209E+02
 2.13115E+02
 2.13021E+02
 2.12927E+02
 2.12833E+02
 2.12739E+02
 2.12645E+02
 2.12551E+02
 2.12458E+02
 2.12364E+02
 2.12271E+02
 2.12177E+02
 2.12084E+02
 2.11991E+02
 2.11898E+02
 2.11805E+02
 2.11712E+02
 2.11619E+02
 2.11526E+02
 2.11434E+02
 2.11341E+02
 2.11249E+02
 2.11156E+02
 2.11064E+02
 2.10972E+02
 2.10880E+02
 2.10788E+02
 2.10696E+02
 2.10604E+02
 2.10513E+02
 2.10421E+02
 2.10330E+02
 2.10238E+02
 2.10147E+02
 2.10056E+02
 2.09965E+02
 2.09874E+02
 2.09783E+02
 2.09692E+02
 2.09602E+02
 2.09511E+02
 2.09421E+02
 2.09330E+02
 2.09240E+02
 2.09150E+02
 2.09060E+02
 2.08970E+02
 2.08881E+02
 2.08791E+02
 2.08701E+02
 2.08612E+02
 2.08523E+02
 2.08434E+02
 2.08344E+02
 2.08255E+02
 2.08167E+02
 2.08078E+02
 2.07989E+02
 2.07901E+02
 2.07812E+02
 2.07724E+02
 2.07636E+02
 2.07548E+02
 2.07460E+02
 2.07372E+02
 2.07285E+02
 2.07197E+02
 2.07110E+02
 2.07022E+02
 2.06935E+02
 2.06848E+02
 2.06761E+02
 2.06674E+02
 2.06588E+02
 2.06501E+02
 2.06415E+02
 2.06328E+02
 2.06242E+02
 2.06156E+02
 2.06070E+02
 2.05984E+02
 2.05899E+02
 2.05813E+02
 2.05728E+02
 2.05642E+02
 2.05557E+02
 2.05472E+02
 2.05387E+02
 2.05302E+02
 2.05218E+02
 2.05133E+02
 2.05049E+02
 2.04965E+02
 2.04880E+02
 2.04796E+02
 2.04713E+02
 2.04629E+02
 2.04545E+02
 2.04462E+02
 2.04379E+02
 2.04295E+02
 2.04212E+02
 2.04129E+02
 2.04047E+02
 2.03964E+02
 2.03881E+02
 2.03799E+02
 2.03717E+02
 2.03635E+02
 2.03553E+02
 2.03471E+02
 2.03389E+02
 2.03308E+02
 2.03226E+02
 2.03145E+02
 2.03064E+02
 2.02983E+02
 2.02902E+02
 2.02822E+02
 2.02741E+02
 2.02661E+02
 2.02581E+02
 2.02500E+02
 2.02420E+02
 2.02341E+02
 2.02261E+02
 2.02181E+02
 2.02102E+02
 2.02023E+02
 2.01944E+02
 2.01865E+02
 2.01786E+02
 2.01707E+02
 2.01629E+02
 2.01551E+02
 2.01472E+02
 2.01394E+02
 2.01317E+02
 2.01239E+02
 2.01161E+02
 2.01084E+02
 2.01006E+02
 2.00929E+02
 2.00852E+02
 2.00776E+02
 2.00699E+02
 2.00622E+02
 2.00546E+02
 2.00470E+02
 2.00394E+02
 2.00318E+02
 2.00242E+02
 2.00166E+02
 2.00091E+02
 2.00016E+02
 1.99941E+02
 1.99866E+02
 1.99791E+02
 1.99716E+02
 1.99642E+02
 1.99567E+02
 1.99493E+02
 1.99419E+02
 1.99345E+02
 1.99271E+02
 1.99198E+02
 1.99124E+02
 1.99051E+02
 1.98978E+02
 1.98905E+02
 1.98832E+02
 1.98760E+02
 1.98687E+02
 1.98615E+02
 1.98543E+02
 1.98471E+02
 1.98399E+02
 1.98328E+02
 1.98256E+02
 1.98185E+02
 1.98114E+02
 1.98043E+02
 1.97972E+02
 1.97901E+02
 1.97831E+02
 1.97760E+02
 1.97690E+02
 1.97620E+02
 1.97551E+02
 1.97481E+02
 1.97411E+02
 1.97342E+02
 1.97273E+02
 1.97204E+02
 1.97135E+02
 1.97066E+02
 1.96998E+02
 1.96930E+02
 1.96861E+02
 1.96793E+02
 1.96726E+02
 1.96658E+02
 1.96590E+02
 1.96523E+02
 1.96456E+02
 1.96389E+02
 1.96322E+02
 1.96255E+02
 1.96189E+02
 1.96123E+02
 1.96057E+02
 1.95991E+02
 1.95925E+02
 1.95859E+02
 1.95794E+02
 1.95728E+02
 1.95663E+02
 1.95598E+02
 1.95534E+02
 1.95469E+02
 1.95405E+02
 1.95340E+02
 1.95276E+02
 1.95212E+02
 1.95149E+02
 1.95085E+02
 1.95022E+02
 1.94958E+02
 1.94895E+02
 1.94832E+02
 1.94770E+02
 1.94707E+02
 1.94645E+02
 1.94583E+02
 1.94521E+02
 1.94459E+02
 1.94397E+02
 1.94336E+02
 1.94274E+02
 1.94213E+02
 1.94152E+02
 1.94092E+02
 1.94031E+02
 1.93971E+02
 1.93910E+02
 1.93850E+02
 1.93790E+02
 1.93731E+02
 1.93671E+02
 1.93612E+02
 1.93553E+02
 1.93494E+02
 1.93435E+02
 1.93376E+02
 1.93318E+02
 1.93259E+02
 1.93201E+02
 1.93143E+02
 1.93085E+02
 1.93028E+02
 1.92970E+02
 1.92913E+02
 1.92856E+02
 1.92799E+02
 1.92743E+02
 1.92686E+02
 1.92630E+02
 1.92574E+02
 1.92518E+02
 1.92462E+02
 1.92406E+02
 1.92351E+02
 1.92295E+02
 1.92240E+02
 1.92185E+02
 1.92131E+02
 1.92076E+02
 1.92022E+02
 1.91967E+02
 1.91913E+02
 1.91860E+02
 1.91806E+02
 1.91753E+02
 1.91699E+02
 1.91646E+02
 1.91593E+02
 1.91540E+02
 1.91488E+02
 1.91435E+02
 1.91383E+02
 1.91331E+02
 1.91279E+02
 1.91228E+02
 1.91176E+02
 1.91125E+02
 1.91074E+02
 1.91023E+02
 1.90972E+02
 1.90922E+02
 1.90871E+02
 1.90821E+02
 1.90771E+02
 1.90721E+02
 1.90671E+02
 1.90622E+02
 1.90573E+02
 1.90523E+02
 1.90474E+02
 1.90426E+02
 1.90377E+02
 1.90329E+02
 1.90281E+02
 1.90232E+02
 1.90185E+02
 1.90137E+02
 1.90089E+02
 1.90042E+02
 1.89995E+02
 1.89948E+02
 1.89901E+02
 1.89855E+02
 1.89808E+02
 1.89762E+02
 1.89716E+02
 1.89670E+02
 1.89625E+02
 1.89579E+02
 1.89534E+02
 1.89489E+02
 1.89444E+02
 1.89399E+02
 1.89354E+02
 1.89310E+02
 1.89266E+02
 1.89222E+02
 1.89178E+02
 1.89134E+02
 1.89091E+02
 1.89047E+02
 1.89004E+02
 1.88961E+02
 1.88919E+02
 1.88876E+02
 1.88834E+02
 1.88791E+02
 1.88749E+02
 1.88707E+02
 1.88666E+02
 1.88624E+02
 1.88583E+02
 1.88542E+02
 1.88501E+02
 1.88460E+02
 1.88420E+02
 1.88379E+02
 1.88339E+02
 1.88299E+02
 1.88259E+02
 1.88219E+02
 1.88180E+02
 1.88141E+02
 1.88102E+02
 1.88063E+02
 1.88024E+02
 1.87985E+02
 1.87947E+02
 1.87909E+02
 1.87871E+02
 1.87833E+02
 1.87795E+02
 1.87758E+02
 1.87720E+02
 1.87683E+02
 1.87646E+02
 1.87609E+02
 1.87573E+02
 1.87536E+02
 1.87500E+02
 1.87464E+02
 1.87428E+02
 1.87392E+02
 1.87357E+02
 1.87322E+02
 1.87287E+02
 1.87252E+02
 1.87217E+02
 1.87182E+02
 1.87148E+02
 1.87113E+02
 1.87079E+02
 1.87045E+02
 1.87012E+02
 1.86978E+02
 1.86945E+02
 1.86912E+02
 1.86879E+02
 1.86846E+02
 1.86813E+02
 1.86781E+02
 1.86749E+02
 1.86716E+02
 1.86684E+02
 1.86653E+02
 1.86621E+02
 1.86590E+02
 1.86559E+02
 1.86528E+02
 1.86497E+02
 1.86466E+02
 1.86435E+02
 1.86405E+02
 1.86375E+02
 1.86345E+02
 1.86315E+02
 1.86286E+02
 1.86256E+02
 1.86227E+02
 1.86198E+02
 1.86169E+02
 1.86140E+02
 1.86112E+02
 1.86083E+02
 1.86055E+02
 1.86027E+02
 1.85999E+02
 1.85972E+02
 1.85944E+02
 1.85917E+02
 1.85890E+02
 1.85863E+02
 1.85836E+02
 1.85809E+02
 1.85783E+02
 1.85756E+02
 1.85730E+02
 1.85704E+02
 1.85679E+02
 1.85653E+02
 1.85628E+02
 1.85602E+02
 1.85577E+02
 1.85553E+02
 1.85528E+02
 1.85503E+02
 1.85479E+02
 1.85455E+02
 1.85431E+02
 1.85407E+02
 1.85383E+02
 1.85360E+02
 1.85336E+02
 1.85313E+02
 1.85290E+02
 1.85267E+02
 1.85245E+02
 1.85222E+02
 1.85200E+02
 1.85178E+02
 1.85156E+02
 1.85134E+02
 1.85112E+02
 1.85091E+02
 1.85070E+02
 1.85049E+02
 1.85028E+02
 1.85007E+02
 1.84986E+02
 1.84966E+02
 1.84946E+02
 1.84926E+02
 1.84906E+02
 1.84886E+02
 1.84866E+02
 1.84847E+02
 1.84828E+02
 1.84809E+02
 1.84790E+02
 1.84771E+02
 1.84752E+02
 1.84734E+02
 1.84716E+02
 1.84698E+02
 1.84680E+02
 1.84662E+02
 1.84644E+02
 1.84627E+02
 1.84610E+02
 1.84593E+02
 1.84576E+02
 1.84559E+02
 1.84542E+02
 1.84526E+02
 1.84510E+02
 1.84494E+02
 1.84478E+02
 1.84462E+02
 1.84446E+02
 1.84431E+02
 1.84416E+02
 1.84400E+02
 1.84385E+02
 1.84371E+02
 1.84356E+02
 1.84342E+02
 1.84327E+02
 1.84313E+02
 1.84299E+02
 1.84285E+02
 1.84272E+02
 1.84258E+02
 1.84245E+02
 1.84232E+02
 1.84219E+02
 1.84206E+02
 1.84193E+02
 1.84181E+02
 1.84168E+02
 1.84156E+02
 1.84144E+02
 1.84132E+02
 1.84120E+02
 1.84109E+02
 1.84097E+02
 1.84086E+02
 1.84075E+02
 1.84064E+02
 1.84053E+02
 1.84042E+02
 1.84032E+02
 1.84022E+02
 1.84011E+02
 1.84001E+02
 1.83992E+02
 1.83982E+02
 1.83972E+02
 1.83963E+02
 1.83954E+02
 1.83945E+02
 1.83936E+02
 1.83927E+02
 1.83918E+02
 1.83910E+02
 1.83902E+02
 1.83893E+02
 1.83885E+02
 1.83878E+02
 1.83870E+02
 1.83862E+02
 1.83855E+02
 1.83848E+02
 1.83841E+02
 1.83834E+02
 1.83827E+02
 1.83820E+02
 1.83814E+02
 1.83807E+02
 1.83801E+02
 1.83795E+02
 1.83789E+02
 1.83783E+02
 1.83778E+02
 1.83772E+02
 1.83767E+02
 1.83762E+02
 1.83757E+02
 1.83752E+02
 1.83747E+02
 1.83743E+02
 1.83738E+02
 1.83734E+02
 1.83730E+02
 1.83726E+02
 1.83722E+02
 1.83718E+02
 1.83715E+02
 1.83711E+02
 1.83708E+02
 1.83705E+02
 1.83702E+02
 1.83699E+02
 1.83696E+02
 1.83694E+02
 1.83692E+02
 1.83689E+02
 1.83687E+02
 1.83685E+02
 1.83683E+02
 1.83682E+02
 1.83680E+02
 1.83679E+02
 1.83677E+02
 1.83676E+02
 1.83675E+02
 1.83674E+02
 1.83674E+02
 1.83673E+02
 1.83673E+02
 1.83672E+02
 1.83672E+02
 1.83672E+02
 1.83672E+02
 1.83673E+02
 1.83673E+02
 1.83674E+02
 1.83674E+02
 1.83675E+02
 1.83676E+02
 1.83677E+02
 1.83678E+02
 1.83680E+02
 1.83681E+02
 1.83683E+02
 1.83684E+02
 1.83686E+02
 1.83688E+02
 1.83690E+02
 1.83693E+02
 1.83695E+02
 1.83698E+02
 1.83700E+02
 1.83703E+02
 1.83706E+02
 1.83709E+02
 1.83712E+02
 1.83716E+02
 1.83719E+02
 1.83723E+02
 1.83727E+02
 1.83730E+02
 1.83734E+02
 1.83738E+02
 1.83743E+02
 1.83747E+02
 1.83752E+02
 1.83756E+02
 1.83761E+02
 1.83766E+02
 1.83771E+02
 1.83776E+02
 1.83781E+02
 1.83787E+02
 1.83792E+02
 1.83798E+02
 1.83804E+02
 1.83809E+02
 1.83815E+02
 1.83822E+02
 1.83828E+02
 1.83834E+02
 1.83841E+02
 1.83847E+02
 1.83854E+02
 1.83861E+02
 1.83868E+02
 1.83875E+02
 1.83882E+02
 1.83890E+02
 1.83897E+02
 1.83905E+02
 1.83912E+02
 1.83920E+02
 1.83928E+02
 1.83936E+02
 1.83944E+02
 1.83953E+02
 1.83961E+02
 1.83970E+02
 1.83978E+02
 1.83987E+02
 1.83996E+02
 1.84005E+02
 1.84014E+02
 1.84023E+02
 1.84033E+02
 1.84042E+02
 1.84052E+02
 1.84062E+02
 1.84071E+02
 1.84081E+02
 1.84091E+02
 1.84102E+02
 1.84112E+02
 1.84122E+02
 1.84133E+02
 1.84143E+02
 1.84154E+02
 1.84165E+02
 1.84176E+02
 1.84187E+02
 1.84198E+02
 1.84209E+02
 1.84221E+02
 1.84232E+02
 1.84244E+02
 1.84256E+02
 1.84267E+02
 1.84279E+02
 1.84291E+02
 1.84303E+02
 1.84316E+02
 1.84328E+02
 1.84340E+02
 1.84353E+02
 1.84366E+02
 1.84379E+02
 1.84391E+02
 1.84404E+02
 1.84417E+02
 1.84431E+02
 1.84444E+02
 1.84457E+02
 1.84471E+02
 1.84485E+02
 1.84498E+02
 1.84512E+02
 1.84526E+02
 1.84540E+02
 1.84554E+02
 1.84568E+02
 1.84583E+02
 1.84597E+02
 1.84612E+02
 1.84626E+02
 1.84641E+02
 1.84656E+02
 1.84671E+02
 1.84686E+02
 1.84701E+02
 1.84716E+02
 1.84731E+02
 1.84747E+02
 1.84762E+02
 1.84778E+02
 1.84794E+02
 1.84809E+02
 1.84825E+02
 1.84841E+02
 1.84857E+02
 1.84874E+02
 1.84890E+02
 1.84906E+02
 1.84923E+02
 1.84939E+02
 1.84956E+02
 1.84973E+02
 1.84989E+02
 1.85006E+02
 1.85023E+02
 1.85040E+02
 1.85058E+02
 1.85075E+02
 1.85092E+02
 1.85110E+02
 1.85127E+02
 1.85145E+02
 1.85163E+02
 1.85180E+02
 1.85198E+02
 1.85216E+02
 1.85234E+02
 1.85253E+02
 1.85271E+02
 1.85289E+02
 1.85308E+02
 1.85326E+02
 1.85345E+02
 1.85363E+02
 1.85382E+02
 1.85401E+02
 1.85420E+02
 1.85439E+02
 1.85458E+02
 1.85477E+02
 1.85496E+02
 1.85516E+02
 1.85535E+02
 1.85555E+02
 1.85574E+02
 1.85594E+02
 1.85614E+02
 1.85634E+02
 1.85654E+02
 1.85674E+02
 1.85694E+02
 1.85714E+02
 1.85734E+02
 1.85754E+02
 1.85775E+02
 1.85795E+02
 1.85816E+02
 1.85836E+02
 1.85857E+02
 1.85878E+02
 1.85899E+02
 1.85920E+02
 1.85941E+02
 1.85962E+02
 1.85983E+02
 1.86004E+02
 1.86025E+02
 1.86047E+02
 1.86068E+02
 1.86090E+02
 1.86111E+02
 1.86133E+02
 1.86155E+02
 1.86176E+02
 1.86198E+02
 1.86220E+02
 1.86242E+02
 1.86264E+02
 1.86287E+02
 1.86309E+02
 1.86331E+02
 1.86353E+02
 1.86376E+02
 1.86398E+02
 1.86421E+02
 1.86444E+02
 1.86466E+02
 1.86489E+02
 1.86512E+02
 1.86535E+02
 1.86558E+02
 1.86581E+02
 1.86604E+02
 1.86627E+02
 1.86650E+02
 1.86674E+02
 1.86697E+02
 1.86720E+02
 1.86744E+02
 1.86767E+02
 1.86791E+02
 1.86815E+02
 1.86838E+02
 1.86862E+02
 1.86886E+02
 1.86910E+02
 1.86934E+02
 1.86958E+02
 1.86982E+02
 1.87006E+02
 1.87031E+02
 1.87055E+02
 1.87079E+02
 1.87104E+02
 1.87128E+02
 1.87153E+02
 1.87177E+02
 1.87202E+02
 1.87226E+02
 1.87251E+02
 1.87276E+02
 1.87301E+02
 1.87326E+02
 1.87351E+02
 1.87376E+02
 1.87401E+02
 1.87426E+02
 1.87451E+02
 1.87476E+02
 1.87502E+02
 1.87527E+02
 1.87552E+02
 1.87578E+02
 1.87603E+02
 1.87629E+02
 1.87655E+02
 1.87680E+02
 1.87706E+02
 1.87732E+02
 1.87757E+02
 1.87783E+02
 1.87809E+02
 1.87835E+02
 1.87861E+02
 1.87887E+02
 1.87913E+02
 1.87939E+02
 1.87966E+02
 1.87992E+02
 1.88018E+02
 1.88045E+02
 1.88071E+02
 1.88097E+02
 1.88124E+02
 1.88150E+02
 1.88177E+02
 1.88204E+02
 1.88230E+02
 1.88257E+02
 1.88284E+02
 1.88310E+02
 1.88337E+02
 1.88364E+02
 1.88391E+02
 1.88418E+02
 1.88445E+02
 1.88472E+02
 1.88499E+02
 1.88526E+02
 1.88553E+02
 1.88581E+02
 1.88608E+02
 1.88635E+02
 1.88662E+02
 1.88690E+02
 1.88717E+02
 1.88745E+02
 1.88772E+02
 1.88800E+02
 1.88827E+02
 1.88855E+02
 1.88882E+02
 1.88910E+02
 1.88938E+02
 1.88965E+02
 1.88993E+02
 1.89021E+02
 1.89049E+02
 1.89077E+02
 1.89105E+02
 1.89133E+02
 1.89161E+02
 1.89189E+02
 1.89217E+02
 1.89245E+02
 1.89273E+02
 1.89301E+02
 1.89329E+02
 1.89357E+02
 1.89385E+02
 1.89414E+02
 1.89442E+02
 1.89470E+02
 1.89499E+02
 1.89527E+02
 1.89555E+02
 1.89584E+02
 1.89612E+02
 1.89641E+02
 1.89669E+02
 1.89698E+02
 1.89727E+02
 1.89755E+02
 1.89784E+02
 1.89813E+02
 1.89841E+02
 1.89870E+02
 1.89899E+02
 1.89927E+02
 1.89956E+02
 1.89985E+02
 1.90014E+02
 1.90043E+02
 1.90072E+02
 1.90101E+02
 1.90130E+02
 1.90158E+02
 1.90187E+02
 1.90216E+02
 1.90245E+02
 1.90275E+02
 1.90304E+02
 1.90333E+02
 1.90362E+02
 1.90391E+02
 1.90420E+02
 1.90449E+02
 1.90479E+02
 1.90508E+02
 1.90537E+02
 1.90566E+02
 1.90596E+02
 1.90625E+02
 1.90654E+02
 1.90683E+02
 1.90713E+02
 1.90742E+02
 1.90772E+02
 1.90801E+02
 1.90830E+02
 1.90860E+02
 1.90889E+02
 1.90919E+02
 1.90948E+02
 1.90978E+02
 1.91007E+02
 1.91037E+02
 1.91066E+02
 1.91096E+02
 1.91125E+02
 1.91155E+02
 1.91185E+02
 1.91214E+02
 1.91244E+02
 1.91273E+02
 1.91303E+02
 1.91333E+02
 1.91362E+02
 1.91392E+02
 1.91422E+02
 1.91452E+02
 1.91481E+02
 1.91511E+02
 1.91541E+02
 1.91570E+02
 1.91600E+02
 1.91630E+02
 1.91660E+02
 1.91690E+02
 1.91719E+02
 1.91749E+02
 1.91779E+02
 1.91809E+02
 1.91839E+02
 1.91868E+02
 1.91898E+02
 1.91928E+02
 1.91958E+02
 1.91988E+02
 1.92018E+02
 1.92047E+02
 1.92077E+02
 1.92107E+02
 1.92137E+02
 1.92167E+02
 1.92197E+02
 1.92227E+02
 1.92257E+02
 1.92286E+02
 1.92316E+02
 1.92346E+02
 1.92376E+02
 1.92406E+02
 1.92436E+02
 1.92466E+02
 1.92496E+02
 1.92526E+02
 1.92556E+02
 1.92586E+02
 1.92616E+02
 1.92645E+02
 1.92675E+02
 1.92705E+02
 1.92735E+02
 1.92765E+02
 1.92795E+02
 1.92825E+02
 1.92855E+02
 1.92885E+02
 1.92915E+02
 1.92945E+02
 1.92975E+02
 1.93004E+02
 1.93034E+02
 1.93064E+02
 1.93094E+02
 1.93124E+02
 1.93154E+02
 1.93184E+02
 1.93214E+02
 1.93243E+02
 1.93273E+02
 1.93303E+02
 1.93333E+02
 1.93363E+02
 1.93393E+02
 1.93423E+02
 1.93452E+02
 1.93482E+02
 1.93512E+02
 1.93542E+02
 1.93572E+02
 1.93601E+02
 1.93631E+02
 1.93661E+02
 1.93691E+02
 1.93721E+02
 1.93750E+02
 1.93780E+02
 1.93810E+02
 1.93840E+02
 1.93869E+02
 1.93899E+02
 1.93929E+02
 1.93958E+02
 1.93988E+02
 1.94018E+02
 1.94047E+02
 1.94077E+02
 1.94107E+02
 1.94136E+02
 1.94166E+02
 1.94195E+02
 1.94225E+02
 1.94255E+02
 1.94284E+02
 1.94314E+02
 1.94343E+02
 1.94373E+02
 1.94402E+02
 1.94432E+02
 1.94461E+02
 1.94491E+02
 1.94520E+02
 1.94549E+02
 1.94579E+02
 1.94608E+02
 1.94638E+02
 1.94667E+02
 1.94696E+02
 1.94726E+02
 1.94755E+02
 1.94784E+02
 1.94814E+02
 1.94843E+02
 1.94872E+02
 1.94901E+02
 1.94931E+02
 1.94960E+02
 1.94989E+02
 1.95018E+02
 1.95047E+02
 1.95076E+02
 1.95106E+02
 1.95135E+02
 1.95164E+02
 1.95193E+02
 1.95222E+02
 1.95251E+02
 1.95280E+02
 1.95309E+02
 1.95338E+02
 1.95367E+02
 1.95396E+02
 1.95424E+02
 1.95453E+02
 1.95482E+02
 1.95511E+02
 1.95540E+02
 1.95569E+02
 1.95597E+02
 1.95626E+02
 1.95655E+02
 1.95683E+02
 1.95712E+02
 1.95741E+02
 1.95769E+02
 1.95798E+02
 1.95827E+02
 1.95855E+02
 1.95884E+02
 1.95912E+02
 1.95941E+02
 1.95969E+02
 1.95997E+02
 1.96026E+02
 1.96054E+02
 1.96083E+02
 1.96111E+02
 1.96139E+02
 1.96168E+02
 1.96196E+02
 1.96224E+02
 1.96252E+02
 1.96280E+02
 1.96309E+02
 1.96337E+02
 1.96365E+02
 1.96393E+02
 1.96421E+02
 1.96449E+02
 1.96477E+02
 1.96505E+02
 1.96533E+02
 1.96561E+02
 1.96588E+02
 1.96616E+02
 1.96644E+02
 1.96672E+02
 1.96700E+02
 1.96727E+02
 1.96755E+02
 1.96783E+02
 1.96810E+02
 1.96838E+02
 1.96865E+02
 1.96893E+02
 1.96920E+02
 1.96948E+02
 1.96975E+02
 1.97003E+02
 1.97030E+02
 1.97057E+02
 1.97085E+02
 1.97112E+02
 1.97139E+02
 1.97166E+02
 1.97194E+02
 1.97221E+02
 1.97248E+02
 1.97275E+02
 1.97302E+02
 1.97329E+02
 1.97356E+02
 1.97383E+02
 1.97410E+02
 1.97437E+02
 1.97464E+02
 1.97490E+02
 1.97517E+02
 1.97544E+02
 1.97571E+02
 1.97597E+02
 1.97624E+02
 1.97651E+02
 1.97677E+02
 1.97704E+02
 1.97730E+02
 1.97757E+02
 1.97783E+02
 1.97810E+02
 1.97836E+02
 1.97862E+02
 1.97888E+02
 1.97915E+02
 1.97941E+02
 1.97967E+02
 1.97993E+02
 1.98019E+02
 1.98045E+02
 1.98071E+02
 1.98097E+02
 1.98123E+02
 1.98149E+02
 1.98175E+02
 1.98201E+02
 1.98227E+02
 1.98253E+02
 1.98278E+02
 1.98304E+02
 1.98330E+02
 1.98355E+02
 1.98381E+02
 1.98406E+02
 1.98432E+02
 1.98457E+02
 1.98483E+02
 1.98508E+02
 1.98533E+02
 1.98559E+02
 1.98584E+02
 1.98609E+02
 1.98634E+02
 1.98659E+02
 1.98684E+02
 1.98709E+02
 1.98734E+02
 1.98759E+02
 1.98784E+02
 1.98809E+02
 1.98834E+02
 1.98859E+02
 1.98884E+02
 1.98908E+02
 1.98933E+02
 1.98958E+02
 1.98982E+02
 1.99007E+02
 1.99031E+02
 1.99056E+02
 1.99080E+02
 1.99104E+02
 1.99129E+02
 1.99153E+02
 1.99177E+02
 1.99201E+02
 1.99226E+02
 1.99250E+02
 1.99274E+02
 1.99298E+02
 1.99322E+02
 1.99346E+02
 1.99370E+02
 1.99393E+02
 1.99417E+02
 1.99441E+02
 1.99465E+02
 1.99488E+02
 1.99512E+02
 1.99536E+02
